1	5.854708937390555E31
2	6.588208817928498E31
3	6.105493821128573E31
4	7.787802843780214E31
5	7.647619772094581E31
6	6.191337380647974E31
7	6.643040642684048E31
8	6.594307815602809E31
9	6.598786162907672E31
10	6.346911966633097E31
11	8.814130118523767E31
12	1.0700575113547609E32
13	8.662129921056752E31
14	7.532522042563179E31
15	8.42114257840169E31
16	9.105289183599328E31
17	9.531124963816431E31
18	7.0218182485828265E31
19	9.932814525096068E31
20	7.425136035438058E31
21	8.248439671904884E31
22	9.01843530866242E31
23	7.3055891721858275E31
24	5.544703517006695E31
25	7.931178535219691E31
26	7.451852784463921E31
27	6.6941103794486585E31
28	8.874770745587624E31
29	6.219245911949328E31
30	6.469262634557327E31
31	1.1599912387959698E32
32	5.618680395589899E31
33	7.812598121285238E31
34	7.064777160864287E31
35	7.381689228525177E31
36	8.012338836713512E31
37	7.967263443673824E31
38	8.64434566052104E31
39	5.647016670147202E31
40	5.915613822245027E31
41	8.334320161665324E31
42	7.366285516528059E31
43	7.211776704816197E31
44	6.985097711601556E31
45	8.642120252097398E31
46	6.196321176357358E31
47	7.837543012385029E31
48	9.92181261016712E31
49	6.640201470059294E31
50	1.1219558723200312E32
51	6.009001346841889E31
52	1.0596476745741442E32
53	1.0880362361978991E32
54	9.816268436386154E31
55	8.028132663701932E31
56	8.15419763149664E31
57	9.593200859229192E31
58	9.021701280127884E31
59	1.3150886717627341E32
60	6.973353320814443E31
61	9.486947880505372E31
62	9.360013563413443E31
63	5.86926759053646E31
64	1.1459139988103513E32
65	5.590161456448048E31
66	7.244137900007012E31
67	7.757038944308928E31
68	9.116170016479414E31
69	1.0609956022177849E32
70	5.684521540117583E31
71	6.289949514617269E31
72	8.914429001984384E31
73	6.778794819689118E31
74	9.778173225402646E31
75	5.71940875327719E31
76	7.568726974347995E31
77	7.152314083914461E31
78	6.5717875665407125E31
79	7.515006796113635E31
80	6.748622927675734E31
81	7.61480288121342E31
82	6.6336137319312295E31
83	6.822553128590296E31
84	7.587377181426892E31
85	6.375170103574368E31
86	6.97090239679745E31
87	6.084562204507149E31
88	7.343235572532796E31
89	9.45231212588679E31
90	8.691640979853732E31
91	8.616073062414688E31
92	6.277790836178253E31
93	8.443807778690457E31
94	5.9761286963090355E31
95	8.099900494280234E31
96	8.497581761403083E31
97	8.686520233813709E31
98	7.390663307320243E31
99	7.435545246612761E31
100	8.516766836906127E31
101	6.668012151989737E31
102	9.087722589245363E31
103	6.284833464164692E31
104	5.619186479252877E31
105	7.063424936236319E31
106	8.377877337318401E31
107	7.06088902757311E31
108	8.1375438493934E31
109	9.009114291285746E31
110	6.780183489890774E31
111	6.574984053301073E31
112	6.332784273149517E31
113	6.750463168574033E31
114	6.259436268878757E31
115	9.882836401668853E31
116	8.025406387964632E31
117	7.269665727106365E31
118	1.08441868974629E32
119	7.389895168164201E31
120	7.659307327557943E31
121	7.270299138092093E31
122	7.006604774262349E31
123	6.116095574559862E31
124	6.944546527985384E31
125	6.815278272646515E31
126	9.819970440295774E31
127	6.670436289560532E31
128	8.2314383938815E31
129	7.20567145769035E31
130	6.5307978613474935E31
131	7.131327113421566E31
132	7.878914981537717E31
133	9.506694015058538E31
134	8.64910172006577E31
135	8.034423486514295E31
136	8.107357924832075E31
137	7.8730729904435435E31
138	7.577414384248038E31
139	8.75672831388608E31
140	1.1070336130449773E32
141	6.788409770661732E31
142	8.090461297643011E31
143	9.588103262803478E31
144	1.0847642977266336E32
145	8.245268999898442E31
146	5.572973256643361E31
147	6.9089485991729925E31
148	7.284899435045506E31
149	6.401160331843694E31
150	6.00105398092705E31
151	8.765410747850027E31
152	6.459516810493192E31
153	6.986611566840046E31
154	9.606049785469363E31
155	1.108895757560255E32
156	8.677773465819508E31
157	7.198755767082079E31
158	7.478172432531437E31
159	8.427478417079387E31
160	8.525248037671684E31
161	5.632393819032556E31
162	5.943188408106716E31
163	6.074537577798617E31
164	7.189416684651727E31
165	1.0330204853833953E32
166	5.836306354803446E31
167	9.819662347289052E31
168	7.294770347880732E31
169	8.455179178731928E31
170	9.985040946267722E31
171	6.53771235376298E31
172	6.1228243207176465E31
173	6.309214621345821E31
174	1.0295574333345829E32
175	6.955582184835978E31
176	6.884200410736434E31
177	6.260910887133597E31
178	6.290263065601494E31
179	7.180025903085197E31
180	7.078391801671448E31
181	9.0354957036425E31
182	6.464754727098846E31
183	5.984657022534145E31
184	1.0110460922244673E32
185	9.169042044946124E31
186	1.1118329011521254E32
187	9.553610838124893E31
188	8.181047080308773E31
189	7.364735634032076E31
190	5.797320931846731E31
191	6.551059299239379E31
192	7.6291215853206155E31
193	8.552495369689063E31
194	8.26764805532103E31
195	1.0127670662179262E32
196	6.510812012816942E31
197	7.967799520578031E31
198	8.049927832508207E31
199	7.030171677907462E31
200	8.389826165023032E31
201	1.1159434273571935E32
202	7.5603410584041935E31
203	6.267551470645335E31
204	1.0365872978481544E32
205	6.50878240086501E31
206	8.272575660779394E31
207	7.659988018900395E31
208	5.857360990175409E31
209	8.419266707965877E31
210	6.314412094366612E31
211	7.400989654131128E31
212	5.702534961911085E31
213	9.196168855727835E31
214	9.577322707369632E31
215	6.076283744774022E31
216	7.5533650473579E31
217	7.722120291671868E31
218	7.220464326154703E31
219	7.400977575079239E31
220	6.638812432760828E31
221	6.009038011012138E31
222	7.9175304586805E31
223	5.847956647028447E31
224	6.841366926272595E31
225	7.099385598869262E31
226	6.894502529247092E31
227	9.25330218745809E31
228	9.691460576362812E31
229	8.109598555076538E31
230	6.353174899733106E31
231	7.064261270072613E31
232	6.06658456453766E31
233	7.832017348515845E31
234	6.255829400144787E31
235	9.002340811109448E31
236	6.873364063365762E31
237	7.158348568423428E31
238	6.090225355834097E31
239	9.906532233879861E31
240	6.826549067859943E31
241	7.8769551208764925E31
242	6.35779156614475E31
243	1.0877583449261792E32
244	8.992265779529937E31
245	9.587048048424971E31
246	5.713968803560275E31
247	6.441826001544833E31
248	1.0639473059073698E32
249	6.05928441240805E31
250	8.692128996940592E31
251	7.352725826956048E31
252	9.237803836838648E31
253	6.513433472028763E31
254	1.0566672415068704E32
255	7.456884234882676E31
256	7.351069562068188E31
257	7.157251498105537E31
258	6.645120295316763E31
259	7.857117319814983E31
260	8.217366838116765E31
261	9.476417037819898E31
262	8.96502344866944E31
263	5.654992085570152E31
264	9.423044927461066E31
265	9.911919236052722E31
266	7.223347086037575E31
267	6.24175567566314E31
268	6.81384249188035E31
269	5.769008412132336E31
270	6.592797469749678E31
271	6.132647114314013E31
272	7.015142682826709E31
273	6.852406498068387E31
274	5.539544924956415E31
275	7.047707803500028E31
276	5.493417776019378E31
277	6.319006516364648E31
278	7.81765759625228E31
279	9.147863615790212E31
280	8.384609276060954E31
281	6.40122636569282E31
282	7.461369616314624E31
283	7.310610388275103E31
284	7.021693664106669E31
285	9.336387202082356E31
286	5.868726448353964E31
287	6.984278961280861E31
288	6.7877123783738385E31
289	8.469163114199919E31
290	6.230901681920535E31
291	6.465286978757176E31
292	7.656856030289786E31
293	6.193562897010937E31
294	6.56203210731998E31
295	8.032960817979956E31
296	1.0629002117346282E32
297	8.62221551659319E31
298	9.320348239522128E31
299	7.877861874938981E31
300	6.229381895524524E31
301	7.338442121617024E31
302	1.312443331977922E32
303	7.999777518363591E31
304	6.216012786923139E31
305	7.427137425970537E31
306	7.823692278538638E31
307	6.523341829964853E31
308	5.864645588983962E31
309	6.314014733137392E31
310	8.39476026405748E31
311	7.300254941353132E31
312	6.4892951379130755E31
313	9.742172984000778E31
314	9.618709861207037E31
315	5.857069904886235E31
316	1.484176035216753E32
317	6.751540951515475E31
318	9.159931192152417E31
319	6.215322430074676E31
320	7.6475019939103705E31
321	7.451807840968107E31
322	6.780210110126935E31
323	7.310741010942718E31
324	7.998727563370255E31
325	6.8804335675639005E31
326	6.296541980486612E31
327	1.2415160170397204E32
328	5.98421494154541E31
329	7.679154957380573E31
330	6.921105970516806E31
331	7.994074142310631E31
332	7.724369413069585E31
333	1.0902313743115175E32
334	6.883580146423325E31
335	7.882014592895094E31
336	1.1027143962838813E32
337	8.373147410618723E31
338	8.920791850212129E31
339	5.619472159553753E31
340	8.98421737801009E31
341	1.057491796928332E32
342	9.641864582660591E31
343	8.75014186152247E31
344	6.539275030170377E31
345	5.661942619144905E31
346	8.723883571339952E31
347	6.286927465740483E31
348	7.2919026301086775E31
349	6.604801924745159E31
350	1.0915385605315392E32
351	5.593622002345757E31
352	8.53861453603152E31
353	8.086546526657536E31
354	6.621594461108302E31
355	7.139974583174488E31
356	5.656651032939437E31
357	7.005345973470484E31
358	8.025463732004808E31
359	7.876999892873229E31
360	5.6586846429819305E31
361	1.1080729270792917E32
362	6.903324914337645E31
363	8.470943327044623E31
364	1.0538514517940926E32
365	7.23577557870634E31
366	6.981262364587406E31
367	7.072065830600249E31
368	7.064512401849872E31
369	8.626875585389674E31
370	7.489465557828716E31
371	7.341538977117909E31
372	5.8584684104408775E31
373	9.329325188226654E31
374	5.680132995566543E31
375	9.716256992088462E31
376	6.89033702573589E31
377	6.672159612151092E31
378	7.200435056632246E31
379	6.6429358746112E31
380	5.867000086771395E31
381	1.0491430893321075E32
382	5.911960386077376E31
383	6.784351242044363E31
384	7.638614816546459E31
385	7.564436733308842E31
386	7.01931145194621E31
387	8.151331834180817E31
388	9.988880458638527E31
389	8.506598343234867E31
390	7.039930164560773E31
391	7.014948154415197E31
392	9.482431529225758E31
393	1.064115687725411E32
394	6.92616843703755E31
395	6.874085836468348E31
396	1.352265815586576E32
397	8.261980454135295E31
398	6.6012074113203925E31
399	8.007708489289589E31
400	8.303626469661303E31
401	5.776208598454392E31
402	7.015548264775119E31
403	5.926778287415956E31
404	6.851656286919847E31
405	6.842407096742495E31
406	7.604774399332563E31
407	7.557289650989292E31
408	1.1050275573390144E32
409	6.6987610423935675E31
410	6.405946130714026E31
411	7.3427398859805065E31
412	6.737479773628122E31
413	8.111428258197761E31
414	6.980817769954642E31
415	7.130137416058845E31
416	1.0808293320638465E32
417	5.514886186156223E31
418	6.275556157657677E31
419	8.516610411642648E31
420	7.111702772774635E31
421	9.115577134066707E31
422	6.292890625146195E31
423	8.124188778552858E31
424	7.707083934336062E31
425	6.892652126102235E31
426	8.93998234708251E31
427	7.302990265788785E31
428	9.381650738288967E31
429	7.335882569647778E31
430	1.1789189960092666E32
431	5.75494569854779E31
432	5.7043505740034715E31
433	6.771056996480066E31
434	6.8496890117329355E31
435	1.0138948070706124E32
436	6.690821414691139E31
437	8.699757917132485E31
438	9.134143107463978E31
439	6.78166320536315E31
440	5.941668198515023E31
441	8.86763527623635E31
442	7.847265903259831E31
443	6.600899928368638E31
444	8.0969652152556E31
445	7.163223742072722E31
446	6.0009687441153455E31
447	8.836613163946533E31
448	7.354031119351578E31
449	9.281380003827158E31
450	7.242798977933521E31
451	7.862340797081015E31
452	6.415576962438334E31
453	6.058042786466643E31
454	8.068587495469355E31
455	6.772634049168162E31
456	7.370008335740199E31
457	9.367179793491064E31
458	9.551161806637403E31
459	7.695740638024743E31
460	7.390346309267909E31
461	7.230639000655368E31
462	6.507547672518815E31
463	6.239688862340445E31
464	7.43311795557329E31
465	6.471956402962556E31
466	6.160389784513314E31
467	6.7952066273540875E31
468	7.261160383891705E31
469	1.2396503929215064E32
470	8.812766604669365E31
471	9.82636227270259E31
472	6.959847392231224E31
473	9.950604240295414E31
474	9.227344642190911E31
475	9.362997304198942E31
476	1.16928304926346E32
477	5.823385158347262E31
478	6.902459872164385E31
479	8.744796756117487E31
480	5.718288259672289E31
481	9.56291065786289E31
482	6.682277174932179E31
483	8.628512524650225E31
484	6.111995172373605E31
485	8.606035933907909E31
486	6.443957426871916E31
487	7.499775642897433E31
488	8.461260551128595E31
489	1.0089925397355756E32
490	7.369376208471098E31
491	8.824553899772405E31
492	5.895521805218021E31
493	6.830004063164615E31
494	1.3980544528931206E32
495	6.951490434190475E31
496	8.922981064875682E31
497	8.310014719121309E31
498	7.5371661443733E31
499	1.1065215582377958E32
500	5.9220987216196565E31
501	5.772325243637058E31
502	6.697028088443183E31
503	9.29185933776745E31
504	9.367796788156132E31
505	6.387959213145403E31
506	9.817119570758451E31
507	8.871581478854062E31
508	7.34566174993764E31
509	1.0220505946653324E32
510	7.138844705476335E31
511	7.89796732805069E31
512	5.987572517647407E31
513	5.760176779173202E31
514	7.368420596678688E31
515	6.738687569275441E31
516	9.79198599970135E31
517	6.668331044991843E31
518	1.0227201006423546E32
519	5.6457438055261195E31
520	5.682336356637878E31
521	5.839058435011828E31
522	7.747166787111327E31
523	7.285046112152152E31
524	7.11434763381286E31
525	8.18589077054473E31
526	7.078157176014871E31
527	8.071912767655977E31
528	7.217737691161328E31
529	1.156030612292685E32
530	6.201816397789934E31
531	7.006897885324613E31
532	8.266733465956359E31
533	9.682541304015014E31
534	7.115291614502936E31
535	6.697366120885368E31
536	8.599233725796386E31
537	6.109402224702719E31
538	5.763869668682261E31
539	7.891373796882042E31
540	7.211781087244597E31
541	6.282554307382553E31
542	1.0728015702817483E32
543	7.179803613427291E31
544	7.406030786731017E31
545	8.243711077020213E31
546	6.251765029607426E31
547	6.660006012593031E31
548	1.0306980270641591E32
549	1.0836339743851269E32
550	9.085606902018668E31
551	9.03026601318138E31
552	6.420621860489221E31
553	6.126493110760153E31
554	9.804024101269973E31
555	6.57043666271325E31
556	7.3685825478478605E31
557	7.54599461607598E31
558	6.104215069866139E31
559	6.7147746035231105E31
560	6.280854576101569E31
561	6.00975346038867E31
562	7.8974302098133445E31
563	6.366246854948119E31
564	6.2449887026216225E31
565	6.843721146061261E31
566	6.766287101614758E31
567	5.730750205749087E31
568	7.621146260756196E31
569	6.203711940835275E31
570	8.217741297767928E31
571	6.740861940545963E31
572	6.326540338596438E31
573	6.479190829984803E31
574	7.180855425627246E31
575	8.226134204319101E31
576	6.0625865084842975E31
577	8.345986926400714E31
578	6.630523655901717E31
579	7.882024002261925E31
580	6.780815484936687E31
581	1.063068349632703E32
582	7.480302371177071E31
583	6.502789773736557E31
584	7.06721325936128E31
585	7.993631990679357E31
586	6.807307301637279E31
587	1.2039268680554224E32
588	7.567523617095551E31
589	7.2572140808156345E31
590	6.350673727464405E31
591	6.112256215013854E31
592	8.214898611009156E31
593	7.372272846738463E31
594	8.449465125041388E31
595	8.762803172361446E31
596	5.799414924180761E31
597	8.192211267576178E31
598	7.7045697594548425E31
599	7.88073065118394E31
600	9.626746393333382E31
601	9.612677376807977E31
602	7.178434355214815E31
603	7.392457634042419E31
604	8.832559435531672E31
605	9.61440202014907E31
606	8.672018138822024E31
607	6.310192725689198E31
608	9.353171965409007E31
609	7.168486606875635E31
610	1.0126211052575711E32
611	7.985447686775286E31
612	9.767027386232162E31
613	9.291368749991512E31
614	6.436092104403706E31
615	6.1743837851490275E31
616	8.299687171676199E31
617	9.926311788113244E31
618	9.778949311832058E31
619	5.625825967551631E31
620	6.849227746271921E31
621	7.0292669509228E31
622	6.156836904615394E31
623	1.1460363752065063E32
624	9.401649700982383E31
625	7.881916967516655E31
626	9.584324830031277E31
627	6.3560975453863E31
628	6.41252782379837E31
629	7.511990386699939E31
630	8.929614788440344E31
631	5.6726087762102955E31
632	7.777311302458649E31
633	6.007361946570106E31
634	5.693442281824476E31
635	7.501570517754819E31
636	7.619248992904468E31
637	8.371419898714475E31
638	6.380394852893628E31
639	6.279423687983248E31
640	6.896066821836962E31
641	5.827529339242221E31
642	6.371123577140634E31
643	6.611870950418866E31
644	8.055950135233557E31
645	5.92194500147508E31
646	9.58794272497571E31
647	1.2804661223161602E32
648	8.280888128685293E31
649	8.860860585645975E31
650	1.070075132059906E32
651	8.21559980004001E31
652	9.7775931700622E31
653	1.0684745665016165E32
654	8.505892388322681E31
655	7.001170821428207E31
656	6.647040043217192E31
657	1.2569703479387046E32
658	6.173650555839704E31
659	5.935502069189576E31
660	8.21600951974004E31
661	8.589737945066788E31
662	7.708860030761385E31
663	9.599335829156446E31
664	7.946244798430893E31
665	7.640389561364644E31
666	9.64918282494367E31
667	6.423943075394037E31
668	6.727950045781553E31
669	9.913043562464406E31
670	6.8120321796844465E31
671	5.732187191890196E31
672	7.537014549136059E31
673	6.239343445099207E31
674	9.06276631706367E31
675	7.7932226808168715E31
676	6.441698366404044E31
677	8.21506969216466E31
678	8.289430249871778E31
679	5.885808162345686E31
680	6.88752527652221E31
681	7.00740720530629E31
682	6.870745702799539E31
683	6.696959329903908E31
684	7.154621918452272E31
685	9.268775134189106E31
686	6.181715563678031E31
687	9.162912852071397E31
688	7.002004818691817E31
689	8.234136627856827E31
690	6.446531212118471E31
691	5.977585243938708E31
692	6.441896618655261E31
693	1.34859051863863E32
694	6.388546773059577E31
695	5.812781438517785E31
696	6.2857855297754265E31
697	6.731122398404854E31
698	8.291874454820541E31
699	6.625906024023353E31
700	7.285989914532749E31
701	6.73511658904642E31
702	7.398028892505863E31
703	6.101008164278869E31
704	8.65555749051692E31
705	6.599599867251006E31
706	9.396300247200807E31
707	9.36353924667242E31
708	7.753962248796673E31
709	5.901320294626348E31
710	7.4552994821722665E31
711	8.143180173000703E31
712	6.337901309149672E31
713	6.6033671361996865E31
714	7.168119716376044E31
715	8.092508398531356E31
716	6.513578991295484E31
717	7.796634554072909E31
718	7.013453001154166E31
719	7.337845194121248E31
720	6.2590055574642125E31
721	7.549259206131802E31
722	6.699292139159384E31
723	7.448358552241987E31
724	1.1995758901310383E32
725	6.794255467803409E31
726	5.687312029078487E31
727	6.047053440644368E31
728	5.944128193428161E31
729	6.46128444806883E31
730	6.934428689229853E31
731	9.905393711953137E31
732	6.4530366412062365E31
733	5.668728979972895E31
734	7.8805716117536715E31
735	7.243237071129433E31
736	6.570624640672215E31
737	6.773618600756712E31
738	1.029344769569958E32
739	7.764057174965252E31
740	7.438833602405337E31
741	1.383904267372174E32
742	1.0658832807229421E32
743	7.674131954671984E31
744	7.7149184305712365E31
745	7.150329161304482E31
746	5.8937609000520375E31
747	8.479535780394124E31
748	7.099849392436746E31
749	6.696445397686742E31
750	7.219490140565758E31
751	6.655840003243792E31
752	7.274703289602228E31
753	8.799694637730195E31
754	6.8580542117954595E31
755	5.592081374459409E31
756	6.902894461932336E31
757	8.352809442970736E31
758	6.868124629884154E31
759	5.899469050254949E31
760	6.6754483822828E31
761	8.110811688290621E31
762	7.208014617657289E31
763	9.44855831308157E31
764	8.464279536036353E31
765	7.342271027192354E31
766	6.197780603208676E31
767	1.0462640551730422E32
768	1.191230751964436E32
769	6.665360586567555E31
770	6.871214065466604E31
771	9.623441342275961E31
772	6.65558362974214E31
773	6.015957488950242E31
774	8.463559342374329E31
775	6.794127048772628E31
776	8.124280531702276E31
777	7.792413734075506E31
778	9.879734087836897E31
779	8.275220281171449E31
780	5.706114164386907E31
781	9.465680200509457E31
782	1.0322031363027784E32
783	7.908024843603393E31
784	9.526576264966646E31
785	9.21054244358482E31
786	1.0591688828776846E32
787	6.775885922316264E31
788	6.0102443657629545E31
789	7.126905217664346E31
790	9.03650274780096E31
791	7.044287492771315E31
792	8.11190977802006E31
793	6.014661534478153E31
794	6.510967079255573E31
795	6.5062858396135765E31
796	6.179888909968282E31
797	8.0188371148857615E31
798	8.749693724108072E31
799	8.239273583659696E31
800	9.69963943451281E31
801	5.557577536061841E31
802	7.828846640513401E31
803	7.441940951902345E31
804	6.627330161700386E31
805	8.174016703009928E31
806	6.809152490682301E31
807	7.186326671599478E31
808	6.5576962451216075E31
809	9.817166322470884E31
810	1.0373082304090885E32
811	6.660629208637215E31
812	8.50990790137914E31
813	7.060398869194118E31
814	6.4823866852623285E31
815	8.116840992699393E31
816	5.930733028838804E31
817	7.006929529517751E31
818	8.85442577038945E31
819	9.244130205200424E31
820	7.683953712767198E31
821	7.818302018080552E31
822	6.361178946924864E31
823	8.281316444471394E31
824	8.819566020332126E31
825	7.579676819993611E31
826	5.571847064429731E31
827	1.0804698791357249E32
828	8.485711526659015E31
829	1.0016502734452232E32
830	1.0772945459908593E32
831	6.971768568542721E31
832	6.075503182627478E31
833	7.258445231812063E31
834	7.578474438430978E31
835	7.459125880427547E31
836	8.87293786178067E31
837	6.35140186343915E31
838	6.02245843956266E31
839	9.720003451689595E31
840	6.774367480618032E31
841	8.318675950504225E31
842	7.0847001368274735E31
843	1.051681833730344E32
844	6.760000048313489E31
845	8.109294970346341E31
846	6.155370440872469E31
847	7.298973801732043E31
848	6.818283132163821E31
849	6.8641101127540935E31
850	5.770437395767257E31
851	6.594753090846486E31
852	6.364923089714361E31
853	7.103557734058812E31
854	6.11416525629822E31
855	7.902663484984426E31
856	9.896173900084066E31
857	7.895937090093821E31
858	6.252104905566155E31
859	6.411130915219079E31
860	7.469571829658747E31
861	7.636742346039655E31
862	9.310342289616473E31
863	8.194849656235272E31
864	8.59117451173569E31
865	5.743950893265707E31
866	7.333773911065304E31
867	9.575613093960756E31
868	7.375559705769874E31
869	6.921561820359485E31
870	6.586803446242791E31
871	1.010860518714587E32
872	6.886327035105357E31
873	8.14403750994803E31
874	7.334839705783516E31
875	5.647073869090959E31
876	7.303691964947774E31
877	8.249761050284623E31
878	1.0450422885540042E32
879	9.144945807137979E31
880	5.799946414727188E31
881	8.66496693242846E31
882	7.718732371578028E31
883	9.008105304884064E31
884	7.135895367973663E31
885	6.865271936362907E31
886	8.0471108767709045E31
887	6.683296075013842E31
888	8.014578452386511E31
889	6.346953099026915E31
890	7.1588965361185565E31
891	9.293558677531812E31
892	7.9951537179766255E31
893	6.172655098636509E31
894	5.947187358835734E31
895	8.234514501260083E31
896	6.242302847126059E31
897	7.972184015737098E31
898	5.758602507816467E31
899	9.513183887810984E31
900	5.999314672427583E31
901	6.36774905693538E31
902	1.1486405997183869E32
903	1.0053715071948732E32
904	7.058529241726246E31
905	9.41513520231818E31
906	6.295136801784926E31
907	5.852512516242271E31
908	8.959318539969862E31
909	7.38829718658962E31
910	5.750051278800636E31
911	7.480649874604796E31
912	1.0023884893001034E32
913	6.23110967637733E31
914	1.165206680394977E32
915	7.211652968362409E31
916	7.906962041504923E31
917	8.379967026270976E31
918	6.117145404814717E31
919	9.341286748559037E31
920	6.053633653955417E31
921	9.051995321436362E31
922	1.0572673955912094E32
923	1.0498801539091325E32
924	8.661391878178958E31
925	8.16168469089914E31
926	8.527971877991587E31
927	7.901839052682723E31
928	9.725556194293192E31
929	1.036706442173215E32
930	5.8527529941659805E31
931	6.008071309628415E31
932	1.0139420250971536E32
933	6.618249909194843E31
934	9.003565418836376E31
935	7.021130703433082E31
936	6.0746335599339625E31
937	6.117303883483586E31
938	7.725997123276477E31
939	1.0777867741823532E32
940	6.490457952770425E31
941	8.246111156437417E31
942	7.2029472116636715E31
943	6.454329603230446E31
944	7.357957897399669E31
945	9.505909855235988E31
946	7.680410502900843E31
947	7.975253494187352E31
948	9.129076294761554E31
949	7.402551765261569E31
950	7.6776986682978E31
951	7.4047642557797425E31
952	7.143139625055071E31
953	9.21198307654055E31
954	6.377113860436272E31
955	7.3571773540945395E31
956	8.935376383966196E31
957	9.593955195302988E31
958	9.65181054773614E31
959	7.410164221909617E31
960	6.534377472834075E31
961	1.6172932567789008E32
962	1.0518835123368936E32
963	6.140499590905684E31
964	7.433224683013913E31
965	7.297622566054712E31
966	7.728366584727209E31
967	9.873321837154435E31
968	1.0100622372568996E32
969	6.091338290646594E31
970	9.849055841923868E31
971	1.1341566752084898E32
972	8.020340220998432E31
973	5.956698689226179E31
974	5.853186825102372E31
975	6.560645304040836E31
976	6.771711814418165E31
977	9.548643445590693E31
978	7.336427291554078E31
979	6.570470048170016E31
980	9.3328650290471E31
981	6.836582339321037E31
982	6.771146311265696E31
983	6.204212671995274E31
984	6.251825338408776E31
985	6.727183524756086E31
986	1.0017960640386154E32
987	1.1315451703239364E32
988	7.021746007529116E31
989	7.996537661367511E31
990	1.2655955924070725E32
991	7.961731480775178E31
992	5.517703698409615E31
993	6.279926510197407E31
994	5.602202332513481E31
995	6.150185784839104E31
996	5.671289902610685E31
997	5.487552536667692E31
998	6.952650759055666E31
999	6.449874405863898E31
1000	5.900458586306936E31
1001	8.72275475155917E31
1002	7.04027036348674E31
1003	7.710445261684222E31
1004	6.279594929411532E31
1005	7.240418249554113E31
1006	7.5801216373854E31
1007	6.481409876413164E31
1008	9.055243885134075E31
1009	9.921928490348432E31
1010	6.868241182500013E31
1011	1.0528534679639463E32
1012	1.1191591071404768E32
1013	6.713104576587315E31
1014	9.554396494792874E31
1015	7.995024212905469E31
1016	6.556545530935347E31
1017	6.404927027212085E31
1018	8.895604248212409E31
1019	1.0977116423387597E32
1020	7.121774529977643E31
1021	1.3658706650284765E32
1022	9.171568500170074E31
1023	5.77493778668376E31
1024	6.812789115511205E31
1025	9.348960618502425E31
1026	7.4707374550603345E31
1027	7.480476615095717E31
1028	7.339320992143676E31
1029	7.23980585998668E31
1030	7.992697856095725E31
1031	6.766724774966362E31
1032	7.965116556092269E31
1033	6.295353174553592E31
1034	6.239948148032052E31
1035	6.576261090971577E31
1036	7.52410751516725E31
1037	7.942165282658499E31
1038	8.005795567072994E31
1039	9.75986395849572E31
1040	6.002955579491959E31
1041	7.262902338719789E31
1042	6.081082375664887E31
1043	9.200053240024844E31
1044	6.71887560083698E31
1045	5.960666847228859E31
1046	7.574376121407916E31
1047	8.396633020265024E31
1048	1.0196464555297433E32
1049	6.135445474156375E31
1050	7.31730415332695E31
1051	8.126804799480162E31
1052	8.2889653993005E31
1053	8.222554064195445E31
1054	6.430900139053782E31
1055	6.254930339805935E31
1056	7.083152806179093E31
1057	7.206498812496042E31
1058	1.1544055816678388E32
1059	7.8784080398048615E31
1060	8.62960959380231E31
1061	5.539507071548625E31
1062	6.813408038616375E31
1063	7.570393330068162E31
1064	7.475766938853178E31
1065	5.996444574459049E31
1066	8.01534066734692E31
1067	1.021676038328328E32
1068	5.809782823454207E31
1069	9.809702043454234E31
1070	6.3963355062918395E31
1071	8.999169543243288E31
1072	1.137672589586734E32
1073	8.848243169479181E31
1074	8.022498608177515E31
1075	6.715014706427003E31
1076	6.5968183526674E31
1077	8.676748292006908E31
1078	8.1110317994468915E31
1079	6.995222373910607E31
1080	6.581780674317998E31
1081	7.500220682162855E31
1082	1.2044607115860014E32
1083	8.706445474110673E31
1084	6.295266757199597E31
1085	7.70991480121628E31
1086	6.433523656092345E31
1087	8.206827113216208E31
1088	9.194217136925356E31
1089	7.544551529663159E31
1090	7.709989411717455E31
1091	7.283981040669746E31
1092	6.063387513014238E31
1093	6.163949880714438E31
1094	9.782762802412964E31
1095	7.131473382947796E31
1096	9.457059867032573E31
1097	8.456373984905934E31
1098	6.621307526764176E31
1099	8.718315597564599E31
1100	7.201823354512051E31
1101	5.777010138371061E31
1102	6.791298501966659E31
1103	1.0629662605397892E32
1104	7.8874176975901765E31
1105	6.139484655586485E31
1106	7.94759721943528E31
1107	7.915535077127981E31
1108	7.005089189537676E31
1109	6.248623257276991E31
1110	1.287970873285368E32
1111	8.529300730473208E31
1112	5.863017043777482E31
1113	5.762539307680541E31
1114	7.089262813080057E31
1115	6.519086315085396E31
1116	7.547651837524972E31
1117	5.5873871366327045E31
1118	6.91032386645841E31
1119	7.884216364378302E31
1120	7.416392538348737E31
1121	9.919267287779587E31
1122	1.308083194473134E32
1123	9.58545438101672E31
1124	6.123608696250005E31
1125	8.373729049037207E31
1126	7.0500293392950965E31
1127	6.232703699305761E31
1128	8.15392280806395E31
1129	5.924633315303282E31
1130	6.487793095559037E31
1131	1.1182739601227214E32
1132	6.045793740315567E31
1133	5.630987212049099E31
1134	8.203722151539314E31
1135	8.885747644041577E31
1136	6.577777505126274E31
1137	8.071361193551626E31
1138	7.980879813896314E31
1139	7.672075800092661E31
1140	7.120920190592807E31
1141	6.672240528617344E31
1142	7.679361793739771E31
1143	8.152140105804453E31
1144	5.862171594507503E31
1145	1.38147931566005E32
1146	7.335050254677E31
1147	8.35434043993908E31
1148	1.0234781306944762E32
1149	6.279027374174242E31
1150	7.344337771122654E31
1151	6.391405077373837E31
1152	1.0089920699700501E32
1153	6.272176738890385E31
1154	6.138600828359547E31
1155	9.004551631878268E31
1156	6.343937201951871E31
1157	7.712673011011634E31
1158	6.886786281505273E31
1159	6.5502843959605785E31
1160	7.541455749535224E31
1161	7.51692762400016E31
1162	9.63475770915201E31
1163	9.17206145454001E31
1164	6.11547481084846E31
1165	6.640939395140835E31
1166	6.77901998725997E31
1167	8.138115413812993E31
1168	6.969456045320557E31
1169	8.74422974037651E31
1170	5.960902558247673E31
1171	9.126045771469642E31
1172	7.8405728662911125E31
1173	7.608252052905846E31
1174	7.093269767259263E31
1175	6.602674380339929E31
1176	7.38240604702146E31
1177	6.046199423635254E31
1178	9.233648474413244E31
1179	9.685617242153118E31
1180	6.608119738242016E31
1181	7.024020039494141E31
1182	8.277830882094056E31
1183	6.910272111288573E31
1184	9.503030717327455E31
1185	7.936686301509142E31
1186	5.696333105490269E31
1187	5.6452405449747275E31
1188	7.168770613447321E31
1189	7.826437403738238E31
1190	1.0932476311961078E32
1191	9.60847862789672E31
1192	8.492984755773111E31
1193	7.601475417368601E31
1194	5.856081197449218E31
1195	9.79085565801913E31
1196	7.521954878634062E31
1197	7.385695898188626E31
1198	6.678519430425976E31
1199	6.61776304160737E31
1200	8.207723099133698E31
1201	1.1223878155467706E32
1202	8.004554969781585E31
1203	9.261417174832574E31
1204	5.779735433768508E31
1205	9.480458267289012E31
1206	6.768523029196008E31
1207	6.684900420581001E31
1208	9.293806370552514E31
1209	7.2351810676483955E31
1210	7.241759887071642E31
1211	8.04071207103784E31
1212	6.522723757903786E31
1213	9.198718451430644E31
1214	5.472179461785266E31
1215	6.738256873736067E31
1216	8.904547152259031E31
1217	7.628946899688455E31
1218	7.553178647169719E31
1219	8.710176087019455E31
1220	6.895167119584282E31
1221	8.649244365776455E31
1222	5.653222835400363E31
1223	7.1612600711083095E31
1224	6.5451893842311E31
1225	6.031956045607869E31
1226	6.86262739072903E31
1227	6.490813298663632E31
1228	9.23029065101515E31
1229	6.935511705081988E31
1230	8.88832447831503E31
1231	7.9310088819384545E31
1232	8.756086065596897E31
1233	6.961938958542415E31
1234	8.837560695556643E31
1235	6.295837229236679E31
1236	1.023242195505796E32
1237	1.0050216516900872E32
1238	7.249860079865651E31
1239	6.893242597227122E31
1240	6.089035876238112E31
1241	7.83796291854112E31
1242	6.609822193889145E31
1243	6.539108474256779E31
1244	7.196768451368345E31
1245	6.2812523133945915E31
1246	9.020031552492392E31
1247	6.18678878140639E31
1248	8.043150064824249E31
1249	5.637846196630411E31
1250	6.495867257348998E31
1251	7.800379121028075E31
1252	5.689571459414281E31
1253	6.043733372472606E31
1254	8.081539158553007E31
1255	8.517923683880455E31
1256	8.029753424819931E31
1257	8.157859071151074E31
1258	6.310152769643953E31
1259	6.804611344514318E31
1260	5.908151720376961E31
1261	8.10071362145406E31
1262	9.03797341099533E31
1263	7.351911258243826E31
1264	8.179444271356953E31
1265	7.287306348791458E31
1266	7.502063560612575E31
1267	1.2593460246826405E32
1268	6.5887647235435235E31
1269	5.985211083634621E31
1270	6.367869321195277E31
1271	6.407960810889512E31
1272	8.59594262766961E31
1273	7.846569200204885E31
1274	1.1174079341168244E32
1275	1.132084823274693E32
1276	7.125431861617353E31
1277	8.604556611227887E31
1278	8.243010464745692E31
1279	7.429382248349696E31
1280	9.382950961743259E31
1281	6.743480890067696E31
1282	8.899207566822839E31
1283	5.624675426379378E31
1284	6.956958399955853E31
1285	8.552204116983933E31
1286	7.085704113349487E31
1287	8.83739711160741E31
1288	6.014454969151344E31
1289	8.166090422520837E31
1290	9.187724013045788E31
1291	6.7272304517544755E31
1292	5.6996061347262845E31
1293	6.439188276849274E31
1294	6.288495018899059E31
1295	8.123822883527097E31
1296	9.660623013455374E31
1297	1.1672725812367728E32
1298	6.685657436065196E31
1299	6.810114033760152E31
1300	6.35585831475455E31
1301	6.892593829922514E31
1302	1.0232027638892426E32
1303	7.974168687995397E31
1304	8.763566964512459E31
1305	7.152971290827144E31
1306	8.375380295663081E31
1307	7.443562123859456E31
1308	1.115835892655172E32
1309	6.710333694253085E31
1310	7.001488723782763E31
1311	6.005269398541194E31
1312	5.854755661690208E31
1313	6.950850267507296E31
1314	9.73007294789909E31
1315	5.836070345978538E31
1316	7.778880743774812E31
1317	8.024551106836272E31
1318	1.1842505322905123E32
1319	5.966806009814811E31
1320	6.036900068569288E31
1321	7.105675040672079E31
1322	1.2065843334906684E32
1323	1.1875665115717863E32
1324	7.694027389863975E31
1325	5.812568388744871E31
1326	9.0992935625566E31
1327	7.810204329189458E31
1328	6.135589864783673E31
1329	9.211779190896495E31
1330	7.007313807766695E31
1331	6.859453197301452E31
1332	6.118788110903563E31
1333	6.038530626252094E31
1334	6.602993059409309E31
1335	5.6675606430866555E31
1336	8.405825944638589E31
1337	7.693768594936059E31
1338	6.4798859044562545E31
1339	8.68384608434076E31
1340	5.831903541618177E31
1341	8.8883594235602E31
1342	7.197243491769836E31
1343	8.964052467826747E31
1344	9.951092874193596E31
1345	6.33839578524764E31
1346	1.8799869139721227E32
1347	1.100679494900002E32
1348	7.517711287643152E31
1349	6.075422874382111E31
1350	5.613947110630779E31
1351	9.504120671409562E31
1352	9.14546874911166E31
1353	6.165510536842241E31
1354	6.786096855680793E31
1355	6.563303448897658E31
1356	6.626514124105816E31
1357	6.513174584232311E31
1358	7.084050558736755E31
1359	7.226004454066106E31
1360	5.978791263497868E31
1361	5.991122976447675E31
1362	7.88988454783334E31
1363	9.772491215513557E31
1364	7.218394158759736E31
1365	7.938932522425949E31
1366	6.866476588850426E31
1367	8.354451267176106E31
1368	7.556272041131058E31
1369	9.352668089548747E31
1370	1.009654807549921E32
1371	1.0936510174460762E32
1372	5.943777767834723E31
1373	7.239776678748769E31
1374	5.83151370653879E31
1375	7.238402730179979E31
1376	6.554281250904822E31
1377	9.102060372555799E31
1378	8.54111578120734E31
1379	5.568536266951396E31
1380	7.812802901201353E31
1381	7.270729853284648E31
1382	5.724435145054797E31
1383	5.874659760366916E31
1384	7.10944677540374E31
1385	6.705456088772229E31
1386	7.469491982841697E31
1387	8.139316803550872E31
1388	6.414306408315387E31
1389	7.082536941880107E31
1390	1.173991184709003E32
1391	6.057664554424585E31
1392	8.673947332713753E31
1393	6.81525367167358E31
1394	6.846504626401511E31
1395	7.270432480716509E31
1396	6.332211187407982E31
1397	6.647972566183206E31
1398	1.8265618791491736E32
1399	6.4531786626127E31
1400	6.380594098025263E31
1401	7.442570284552147E31
1402	6.718804589512436E31
1403	7.039425674099291E31
1404	8.054795611560342E31
1405	8.732281283909563E31
1406	8.705722800855118E31
1407	8.642482885138116E31
1408	5.730955625344216E31
1409	7.078023158467876E31
1410	5.983747314859196E31
1411	6.788048245595315E31
1412	6.712932459692683E31
1413	1.0050900601289548E32
1414	6.813850209273765E31
1415	8.045994153363449E31
1416	6.2773851091842945E31
1417	6.593816101642215E31
1418	7.83049512790652E31
1419	6.534796410408666E31
1420	5.768276049796018E31
1421	7.656668728188878E31
1422	6.532860387221596E31
1423	1.2044556721369731E32
1424	9.584755549117671E31
1425	7.131086421985136E31
1426	9.884194276011078E31
1427	7.525147505540429E31
1428	6.097689234823639E31
1429	6.920933910481033E31
1430	8.531482628942847E31
1431	9.542889981801451E31
1432	6.689605069210607E31
1433	7.499397353574183E31
1434	7.028355021628805E31
1435	1.0111956879197854E32
1436	8.31899759650619E31
1437	6.777750578843609E31
1438	8.608320587878369E31
1439	7.69055552409084E31
1440	8.665998298894603E31
1441	6.104389331130743E31
1442	7.237380212999443E31
1443	7.78729805386156E31
1444	6.717442997356533E31
1445	6.874785393971443E31
1446	6.022752265362818E31
1447	1.0552039915934733E32
1448	7.572156448081338E31
1449	9.018107715535733E31
1450	1.040332153157148E32
1451	5.876143583099858E31
1452	8.473108927226874E31
1453	9.536504869322966E31
1454	6.399964845794858E31
1455	7.081160686432844E31
1456	1.042017632196282E32
1457	7.104559058946407E31
1458	7.630626536276176E31
1459	6.606393634541524E31
1460	7.91643184410397E31
1461	1.2313785966094313E32
1462	6.847765029456611E31
1463	6.87204604150734E31
1464	8.61303455820762E31
1465	6.09132112404754E31
1466	6.833675389252594E31
1467	5.932186689888431E31
1468	9.222885888969167E31
1469	7.369422371946782E31
1470	7.910688031890176E31
1471	7.7176783853006645E31
1472	6.159411599623774E31
1473	9.045487637882581E31
1474	6.45004436519907E31
1475	8.566960722814938E31
1476	6.022723881457297E31
1477	8.431651267288894E31
1478	6.299795702009011E31
1479	7.572310576279736E31
1480	5.714642050562091E31
1481	8.748577079920706E31
1482	7.407205211362958E31
1483	6.624253394833435E31
1484	5.733329857573504E31
1485	6.923170101942906E31
1486	8.886651841063445E31
1487	7.416365261672862E31
1488	6.830350647921944E31
1489	7.57862005165747E31
1490	7.254100221420191E31
1491	6.47681456854048E31
1492	6.22024204219685E31
1493	9.015452159387951E31
1494	5.768217379761109E31
1495	6.65588037718717E31
1496	8.680091822983406E31
1497	6.559769111519868E31
1498	7.2275206561386005E31
1499	5.667606722307927E31
1500	6.17475444409518E31
1501	6.841643420352859E31
1502	7.789560365171844E31
1503	6.339741087479737E31
1504	6.274786875809105E31
1505	1.0606187526329312E32
1506	7.531815566950082E31
1507	7.821044752818483E31
1508	9.899942408771535E31
1509	7.959935276669069E31
1510	5.850313685188933E31
1511	7.781924120766801E31
1512	6.515682887294086E31
1513	5.707932525438843E31
1514	6.050559970881678E31
1515	6.519207753324333E31
1516	5.755678282966176E31
1517	5.780062849033427E31
1518	7.811738778317138E31
1519	7.2720000702789565E31
1520	6.094193165720579E31
1521	8.0369785888445E31
1522	1.0264843520859623E32
1523	5.647452369296617E31
1524	6.040396289228432E31
1525	5.917462154597836E31
1526	7.853631711867235E31
1527	7.036546856970322E31
1528	6.330426160768908E31
1529	7.5867690299791745E31
1530	6.164689890639092E31
1531	8.663386998503266E31
1532	5.968084637220383E31
1533	6.9119644892041405E31
1534	6.403264232222785E31
1535	7.721526968109673E31
1536	6.569599351003774E31
1537	6.645804653718722E31
1538	8.302683770136472E31
1539	6.4554632170821E31
1540	6.306864126258437E31
1541	5.708751636768375E31
1542	6.908333355991908E31
1543	6.7073255849508815E31
1544	8.02392350336428E31
1545	7.980599152082893E31
1546	7.3531287659905E31
1547	7.972970380714071E31
1548	5.7134373468282255E31
1549	8.444059097254428E31
1550	8.022041494787337E31
1551	5.965914967245321E31
1552	5.818021385379688E31
1553	7.760174247821087E31
1554	7.5172604665842585E31
1555	7.0285854663226475E31
1556	6.577209370296737E31
1557	9.75146201076114E31
1558	8.82907523878835E31
1559	6.544321990567828E31
1560	6.398991141535137E31
1561	5.899418368014743E31
1562	8.357755895775992E31
1563	8.329247947670667E31
1564	7.656521011293431E31
1565	7.289128400242332E31
1566	8.750397566160995E31
1567	9.30124446985084E31
1568	6.574417524428945E31
1569	5.624123416799323E31
1570	6.288884047902194E31
1571	5.812894757668864E31
1572	9.120140718252514E31
1573	7.087750886116701E31
1574	6.826763158018232E31
1575	6.60188473051328E31
1576	8.453394695428297E31
1577	9.171494040167006E31
1578	8.90407746977827E31
1579	6.381750277941117E31
1580	7.254714807015193E31
1581	9.171003095276995E31
1582	7.760572498750654E31
1583	5.754433869660984E31
1584	8.675770101165718E31
1585	8.732267868129083E31
1586	6.985166355908368E31
1587	8.997846399945238E31
1588	7.533997185463017E31
1589	9.079025567876351E31
1590	9.456291234788198E31
1591	8.89225068585992E31
1592	6.726630407992E31
1593	7.8390141180730675E31
1594	6.453147241298257E31
1595	7.8339553114436E31
1596	8.397304606566985E31
1597	8.973009303334488E31
1598	5.7811651598638075E31
1599	7.007532070060802E31
1600	5.921734439013751E31
1601	7.815377716175324E31
1602	5.596155918127544E31
1603	8.569451107728178E31
1604	6.638540250413659E31
1605	7.792797731006674E31
1606	6.7237314424536545E31
1607	9.329236179184579E31
1608	6.632329095179444E31
1609	5.844057416157566E31
1610	6.451507582879063E31
1611	7.274982669160462E31
1612	6.8577557088429065E31
1613	6.829627440785722E31
1614	6.094482015615963E31
1615	7.865618498386927E31
1616	1.2762742238433148E32
1617	7.158062908783948E31
1618	5.965828329060577E31
1619	5.919250629094116E31
1620	6.776388821303484E31
1621	5.4913537764808445E31
1622	1.0049666655254947E32
1623	6.532447261313246E31
1624	9.365798812330343E31
1625	8.850842298435794E31
1626	1.0533668250606617E32
1627	7.2013707008009735E31
1628	6.535142738821146E31
1629	7.562630520010853E31
1630	1.0434524460033492E32
1631	1.0399335677327884E32
1632	9.387270923450301E31
1633	7.644622417774003E31
1634	6.622085707518073E31
1635	6.725874936535591E31
1636	8.38217263348647E31
1637	6.347234276256323E31
1638	6.515280379806345E31
1639	8.340846499074438E31
1640	5.813367316440706E31
1641	6.243161612814388E31
1642	7.921744697389969E31
1643	6.951546929756544E31
1644	6.546756987493308E31
1645	7.500694725178364E31
1646	7.836296290815878E31
1647	1.109047975458455E32
1648	6.62382291057693E31
1649	8.970505870096862E31
1650	8.927856716083067E31
1651	6.976315852495479E31
1652	9.73359510767029E31
1653	8.528547826612052E31
1654	6.671845039425663E31
1655	7.731392463149054E31
1656	6.8863472519124635E31
1657	8.289759486645152E31
1658	8.078688208781659E31
1659	6.570263940297271E31
1660	7.062306704920302E31
1661	8.976192463990888E31
1662	9.236276555039548E31
1663	6.889765740366342E31
1664	6.956432880546488E31
1665	5.6817606621667145E31
1666	6.9313842456754255E31
1667	9.030837620978958E31
1668	6.824569847357541E31
1669	7.65384045184392E31
1670	9.410753852928566E31
1671	7.090764590268137E31
1672	9.690735030411401E31
1673	8.539012041696164E31
1674	7.892318354497978E31
1675	8.404947604250679E31
1676	7.297432083182687E31
1677	7.584146846793676E31
1678	1.1102562668470378E32
1679	6.403878184749625E31
1680	7.808505870353954E31
1681	7.537686721002272E31
1682	5.725742910794334E31
1683	1.0337322554160623E32
1684	9.153004051018592E31
1685	5.599666757067403E31
1686	6.853663051920105E31
1687	1.0312321876614026E32
1688	6.68126818372053E31
1689	5.792543933082543E31
1690	8.317080721649156E31
1691	9.404765797236027E31
1692	9.669957816414094E31
1693	6.442495518247935E31
1694	8.053958548942674E31
1695	7.112263541201754E31
1696	6.3363097813679925E31
1697	6.7058611539443565E31
1698	7.382121719213852E31
1699	7.327569974175677E31
1700	1.0532625257099127E32
1701	9.264880723377316E31
1702	8.569231090208894E31
1703	7.522697798244687E31
1704	6.161113333545497E31
1705	5.999212711238034E31
1706	5.998943584387713E31
1707	1.1406272379076042E32
1708	7.54900859444357E31
1709	7.951785267328269E31
1710	1.240713412255768E32
1711	7.764664213389027E31
1712	6.315615141446376E31
1713	7.8839827821285245E31
1714	7.245818517569042E31
1715	8.469087777152858E31
1716	6.102709335426415E31
1717	9.016856247680622E31
1718	7.75818177056895E31
1719	8.351243308217825E31
1720	1.0687903412619718E32
1721	7.698316683066597E31
1722	8.198109364468592E31
1723	8.141129378451508E31
1724	8.850426103435313E31
1725	1.0197496154305738E32
1726	7.860569509097914E31
1727	7.015542426004809E31
1728	1.350555592179331E32
1729	8.720414249730553E31
1730	7.0473236651851795E31
1731	1.234063111509592E32
1732	5.849164153018274E31
1733	5.990623023337831E31
1734	7.929938798246231E31
1735	5.474012972141081E31
1736	8.000282398797121E31
1737	1.0625453440887447E32
1738	8.641879828444648E31
1739	8.233927572409106E31
1740	1.2180057740312085E32
1741	7.333216522402906E31
1742	7.451202808252252E31
1743	1.0118863574678095E32
1744	7.885733243455346E31
1745	7.9011630914852665E31
1746	7.831447466655338E31
1747	9.655019880799823E31
1748	7.7331412178597245E31
1749	1.2604197239204621E32
1750	5.877177008058647E31
1751	8.241577197963317E31
1752	1.0831844049860879E32
1753	6.766695995971992E31
1754	6.50466677809117E31
1755	6.002318223494544E31
1756	7.156481981173976E31
1757	5.813235021386195E31
1758	7.401825402041803E31
1759	5.9016117607241055E31
1760	5.730375836887275E31
1761	5.705442461429712E31
1762	8.314565886937743E31
1763	8.614304543019457E31
1764	6.159083717640531E31
1765	6.673872005217614E31
1766	8.754262910000403E31
1767	8.883409457185968E31
1768	6.971560737838938E31
1769	6.886238363060229E31
1770	7.185812909164006E31
1771	6.24836841654261E31
1772	7.095782866997815E31
1773	6.316214031673753E31
1774	8.758350171050652E31
1775	7.245930736545487E31
1776	8.028231204402068E31
1777	7.644685838595789E31
1778	6.995408615926192E31
1779	9.446161893437926E31
1780	9.154240941406236E31
1781	8.192409971248452E31
1782	7.522434870560461E31
1783	9.55168423779744E31
1784	9.691246510878792E31
1785	6.242864565848537E31
1786	5.64668204370742E31
1787	1.0603079418098113E32
1788	6.937461058392166E31
1789	6.408370430166765E31
1790	8.116816705518731E31
1791	7.13874323830688E31
1792	5.90046715564448E31
1793	5.580309290179713E31
1794	7.006239141440272E31
1795	7.2728954293205325E31
1796	8.296548061710225E31
1797	7.5733096148110805E31
1798	7.519898905974033E31
1799	8.929951402571587E31
1800	6.883436230820163E31
1801	6.026882207038743E31
1802	7.356443636248683E31
1803	7.806194357577156E31
1804	6.964993756734235E31
1805	6.689577788219371E31
1806	8.664580265020761E31
1807	6.2384629689705175E31
1808	8.212424327115946E31
1809	6.141413228728505E31
1810	6.526747016612599E31
1811	1.0747116541832496E32
1812	9.901925584178458E31
1813	6.3167654911992365E31
1814	9.043055484290571E31
1815	1.0961136726659313E32
1816	7.568256490466994E31
1817	7.285363875020351E31
1818	8.638394663498867E31
1819	9.740180139573939E31
1820	6.5822143595432765E31
1821	6.607598123486634E31
1822	6.069907804291965E31
1823	6.192277707875039E31
1824	7.4467798190571455E31
1825	7.482162099621566E31
1826	7.962850880807573E31
1827	8.460388967460652E31
1828	6.1595053529660775E31
1829	9.097447234548668E31
1830	1.0469204997955002E32
1831	7.123302196782395E31
1832	7.532473573515571E31
1833	8.30804785328732E31
1834	7.119795506566744E31
1835	8.568210195944772E31
1836	7.5335096746891975E31
1837	6.900474412097238E31
1838	6.612247288917336E31
1839	9.712866704305514E31
1840	6.104466171152931E31
1841	6.039789495889705E31
1842	6.346998664298456E31
1843	7.7239735294686425E31
1844	9.4144923955685E31
1845	7.435721418898322E31
1846	7.11570072645696E31
1847	8.359831846131345E31
1848	8.129771503072833E31
1849	1.1172072758545049E32
1850	6.386366445569895E31
1851	1.0333453342280228E32
1852	9.118891970717036E31
1853	9.150066200640433E31
1854	7.978889755621721E31
1855	8.439930026249033E31
1856	9.05860075039973E31
1857	1.100325156947941E32
1858	6.341913903744306E31
1859	5.74553805094788E31
1860	5.86226372743405E31
1861	6.857597865559205E31
1862	6.395438289262496E31
1863	6.397314383015341E31
1864	6.910600798363996E31
1865	9.29560151067601E31
1866	7.880882829390684E31
1867	8.361353820296635E31
1868	9.331346884290264E31
1869	9.247471177362512E31
1870	1.0903753034198917E32
1871	7.275695424427564E31
1872	6.101615423673085E31
1873	7.795612481226201E31
1874	6.789851545279674E31
1875	7.499659109134655E31
1876	6.310601133216237E31
1877	1.1200529116192186E32
1878	6.558205672226917E31
1879	8.3425145790139E31
1880	1.075823592865456E32
1881	7.009121681101747E31
1882	5.630298639586604E31
1883	8.943082889321924E31
1884	6.808789036718734E31
1885	1.0390318005521246E32
1886	6.313668310371237E31
1887	9.617257100482525E31
1888	6.244384777545959E31
1889	9.708830178226478E31
1890	9.10843871063583E31
1891	9.546725111133329E31
1892	7.218140499353121E31
1893	9.58063865241238E31
1894	7.559693615172762E31
1895	6.042804748294588E31
1896	6.392571697718235E31
1897	7.336250622381606E31
1898	7.042926104302111E31
1899	5.724658956211176E31
1900	8.531404939315745E31
1901	7.046008926456413E31
1902	7.139143137056837E31
1903	9.371979771478055E31
1904	8.189540222480467E31
1905	7.867745481679612E31
1906	6.279364848436601E31
1907	6.1982579937501895E31
1908	6.133224865233959E31
1909	9.348506346313267E31
1910	6.276472950821426E31
1911	6.066257492086351E31
1912	1.0590956734767326E32
1913	8.046783418964968E31
1914	6.099765152947318E31
1915	7.463865574021221E31
1916	8.086281335332333E31
1917	6.373415839668237E31
1918	6.825610248480758E31
1919	6.408906248246107E31
1920	6.9090958547145105E31
1921	5.616690869984274E31
1922	6.298822632898174E31
1923	8.448635528004456E31
1924	7.688878890133443E31
1925	6.9648079764781195E31
1926	8.687139095305327E31
1927	5.943174248414716E31
1928	9.701584062738091E31
1929	8.947106566043388E31
1930	8.851992849896454E31
1931	5.686788573483209E31
1932	1.159708764251153E32
1933	7.35409545408028E31
1934	7.825774514206307E31
1935	6.8491170313193565E31
1936	8.044954121743265E31
1937	8.353385775718107E31
1938	9.542975838790092E31
1939	6.6043434625629035E31
1940	9.700502119821736E31
1941	6.865856301182145E31
1942	9.180465713845824E31
1943	5.794361094574209E31
1944	5.741528685900187E31
1945	7.098470011013335E31
1946	8.911402189369163E31
1947	8.755315496539435E31
1948	5.515490045058944E31
1949	6.027165367222853E31
1950	6.48186778085845E31
1951	6.257967035345042E31
1952	6.955305376931099E31
1953	8.895604555761422E31
1954	8.017338866082122E31
1955	8.512013199454814E31
1956	7.4698786367480905E31
1957	7.272243497796194E31
1958	6.989471224268121E31
1959	9.197633781395972E31
1960	1.1106875368806146E32
1961	6.893812994415498E31
1962	6.878631279554559E31
1963	1.0968267822172547E32
1964	8.1042847440295675E31
1965	5.863221819357529E31
1966	6.4333050600169325E31
1967	9.29670060755411E31
1968	7.6537457128634695E31
1969	5.638138745258908E31
1970	9.185186928771564E31
1971	8.691516606456572E31
1972	6.178405087298283E31
1973	8.55833638263651E31
1974	6.6855811225079045E31
1975	9.608005163254145E31
1976	9.029280277019883E31
1977	6.741126693435544E31
1978	6.8104639285427915E31
1979	8.908281058360297E31
1980	1.0467459088662472E32
1981	1.1465126584617895E32
1982	8.465880974556893E31
1983	7.537651763231745E31
1984	6.345958781021747E31
1985	6.366046223201599E31
1986	6.041479261599804E31
1987	6.41946253882096E31
1988	6.698456424163873E31
1989	8.764270325113323E31
1990	1.2694869467364739E32
1991	7.105682201413375E31
1992	7.24432154756398E31
1993	7.002866192378107E31
1994	6.863754975563544E31
1995	7.47234032241534E31
1996	8.125775962813482E31
1997	7.924737805209575E31
1998	9.235831931108717E31
1999	5.892774378253526E31
2000	9.837343740134208E31
2001	6.329231485969295E31
2002	1.1925209374430348E32
2003	7.194559430650208E31
2004	8.070286393192718E31
2005	6.955390244216907E31
2006	7.283581465963605E31
2007	6.362134126876235E31
2008	6.987338848519589E31
2009	5.851022894999256E31
2010	6.049077472498184E31
2011	1.3571110763112334E32
2012	6.68011027693279E31
2013	5.930382807405975E31
2014	6.50269753179581E31
2015	6.3671484926557265E31
2016	7.211730018653846E31
2017	8.494483852403718E31
2018	6.256203112055128E31
2019	6.422053365895504E31
2020	6.181190964326934E31
2021	7.322677443677213E31
2022	5.81286034849692E31
2023	8.052552387692524E31
2024	7.769783689069092E31
2025	6.116077996729942E31
2026	1.068462598376708E32
2027	6.105280294347423E31
2028	8.258309290723637E31
2029	6.23658037320679E31
2030	1.029695099123538E32
2031	7.867280616683947E31
2032	8.255505154327615E31
2033	1.1397079716663229E32
2034	9.615993445860702E31
2035	8.007920836797349E31
2036	9.135923061484994E31
2037	7.101203837208318E31
2038	6.577001758801698E31
2039	5.648455315567023E31
2040	7.735155240240222E31
2041	1.0093369620914228E32
2042	9.58612809402794E31
2043	8.679011394795766E31
2044	6.7248492331512885E31
2045	8.055203797246001E31
2046	7.906406488862181E31
2047	6.569975308495236E31
2048	7.112048730929549E31
2049	7.361412407037541E31
2050	8.381951761473432E31
2051	6.987025428414636E31
2052	6.563520314669189E31
2053	6.250434315904836E31
2054	9.80612195466433E31
2055	6.934497397011402E31
2056	6.147015144585152E31
2057	6.403651167184813E31
2058	6.0571382112218395E31
2059	9.110326771963888E31
2060	1.129990448629311E32
2061	1.0743150310777418E32
2062	5.900920268756309E31
2063	6.120781210647749E31
2064	1.124803211122401E32
2065	8.683095204155282E31
2066	9.797342325371513E31
2067	6.8951623556303145E31
2068	6.114491807455481E31
2069	9.430837835844334E31
2070	6.573973799099465E31
2071	7.307814650024568E31
2072	7.301594306378033E31
2073	8.487146566969995E31
2074	6.802436897874371E31
2075	6.9127575140883895E31
2076	9.354688511291232E31
2077	9.788819880539434E31
2078	8.990996742055536E31
2079	7.1215427676690535E31
2080	6.716165601591238E31
2081	9.58078475855063E31
2082	6.050392394260544E31
2083	6.8687417781749905E31
2084	7.084844806521999E31
2085	7.292270322383713E31
2086	6.148731636330066E31
2087	8.244798749085894E31
2088	5.997575781298801E31
2089	6.098448458558243E31
2090	6.766784752494616E31
2091	5.724841419980482E31
2092	8.587130543523564E31
2093	9.10655259006716E31
2094	8.510799631109142E31
2095	6.777002536477651E31
2096	6.687051830150502E31
2097	7.533593696912845E31
2098	1.125779504042845E32
2099	7.182010996533486E31
2100	7.1319086759752135E31
2101	5.869008130237624E31
2102	5.634306842439864E31
2103	5.880300495880122E31
2104	6.074590831279465E31
2105	7.779269289767127E31
2106	6.673585180010119E31
2107	5.965657061562939E31
2108	9.002151730164634E31
2109	7.5922132549310635E31
2110	5.987617379380124E31
2111	6.240295262846528E31
2112	8.0273460131630455E31
2113	7.5086044946246735E31
2114	7.143084839807236E31
2115	6.204721837332322E31
2116	7.685918011155304E31
2117	8.767770584300735E31
2118	6.630206912393564E31
2119	6.665450934584983E31
2120	6.734098320533915E31
2121	6.925034328258242E31
2122	6.995317759467809E31
2123	6.825600764247012E31
2124	7.821397532032867E31
2125	6.120885638881305E31
2126	1.012207626143821E32
2127	6.005104962355631E31
2128	7.632662146409946E31
2129	5.5527148235544105E31
2130	8.90519049176441E31
2131	7.724009033862848E31
2132	6.9692672777992965E31
2133	9.83858791522622E31
2134	6.084039197107742E31
2135	1.1415611016041197E32
2136	9.019473064080247E31
2137	6.513837543045361E31
2138	5.7599678513898775E31
2139	7.0750887093314415E31
2140	6.628284352322923E31
2141	9.771911001806156E31
2142	5.655369391025341E31
2143	8.104615116304926E31
2144	6.032429573853344E31
2145	7.937836666469466E31
2146	8.252392831272145E31
2147	8.123417312656089E31
2148	5.803916466996515E31
2149	7.209884735774802E31
2150	6.9784652480072525E31
2151	9.245187127320855E31
2152	5.8430435837011925E31
2153	7.633143206063599E31
2154	7.845542780912934E31
2155	7.173195825800351E31
2156	5.762583709872559E31
2157	7.047001265159919E31
2158	7.677717303919552E31
2159	5.859821114429209E31
2160	6.126191612160566E31
2161	6.896730961763692E31
2162	9.649889387876999E31
2163	6.713759905956046E31
2164	6.974832130151357E31
2165	7.822071764754132E31
2166	6.559381430767773E31
2167	6.618963421737168E31
2168	5.853963872070037E31
2169	8.58740614138415E31
2170	8.76443411399219E31
2171	8.227861184842372E31
2172	7.012483498424115E31
2173	7.206189121434959E31
2174	7.371896170618578E31
2175	5.670520055950828E31
2176	7.256026308957582E31
2177	8.003943186278398E31
2178	9.310331062655177E31
2179	7.868890187251562E31
2180	6.59158489114198E31
2181	7.114706782582997E31
2182	6.263511810296227E31
2183	7.372664194720572E31
2184	8.822188268566143E31
2185	6.38827881334198E31
2186	1.0352461296287812E32
2187	7.904662481827114E31
2188	9.072599692928621E31
2189	7.784007964935334E31
2190	9.271118857944844E31
2191	5.755215975435149E31
2192	8.516856304230188E31
2193	7.241088612733983E31
2194	7.418505214294399E31
2195	6.034377858205891E31
2196	7.897335658205399E31
2197	1.1249813510213546E32
2198	9.586318728158816E31
2199	7.558680745957465E31
2200	9.118498469509406E31
2201	1.229513102595073E32
2202	9.440536389160831E31
2203	7.452501675273756E31
2204	6.466372392486869E31
2205	1.0748368754301324E32
2206	7.239110456264633E31
2207	8.928729810598612E31
2208	6.993407602487782E31
2209	6.554521884887301E31
2210	7.033086627499789E31
2211	8.3293942077281E31
2212	6.379151024276641E31
2213	1.1666855946331677E32
2214	9.22332940621114E31
2215	7.173733665410681E31
2216	8.662008710480141E31
2217	6.451140503024405E31
2218	1.3620583982478584E32
2219	7.882309228994398E31
2220	6.430298983113509E31
2221	7.551813615395354E31
2222	7.734618581042689E31
2223	6.5612965224666405E31
2224	6.205294650975611E31
2225	9.074820916233818E31
2226	8.30014406770386E31
2227	7.339588304584231E31
2228	1.0921777756852102E32
2229	7.965184159874586E31
2230	8.42847638749434E31
2231	8.912842921698752E31
2232	5.7498807667303875E31
2233	6.36327829478436E31
2234	9.245323128434609E31
2235	6.434065025330058E31
2236	8.9247224630559E31
2237	7.76514932158411E31
2238	1.0200345238839881E32
2239	7.505913847025231E31
2240	9.759418870180802E31
2241	6.480702412450922E31
2242	6.182797509041779E31
2243	5.894528528282273E31
2244	6.168755392640243E31
2245	6.588802989137317E31
2246	8.283521941457496E31
2247	8.625463252290121E31
2248	6.109879824986808E31
2249	7.580185228406281E31
2250	7.6975484948385165E31
2251	9.234693483270007E31
2252	6.579137873719314E31
2253	8.166636844205335E31
2254	9.267992961369561E31
2255	8.538320634729958E31
2256	6.241456371729295E31
2257	7.087175537105656E31
2258	6.023001332983002E31
2259	8.22426304228904E31
2260	5.941277796622074E31
2261	7.809791517862918E31
2262	8.731266284221328E31
2263	8.107706817283576E31
2264	1.1731322100091094E32
2265	5.657993883830037E31
2266	8.539362259085717E31
2267	6.869242091973267E31
2268	1.0139693246785304E32
2269	8.105161946183121E31
2270	9.662479436193917E31
2271	6.70807775556021E31
2272	7.174838471233488E31
2273	5.4987450519325445E31
2274	7.001789823114784E31
2275	1.1010781645212899E32
2276	8.671128735684812E31
2277	1.1631323192255662E32
2278	9.072599381625104E31
2279	9.814731765405752E31
2280	9.57506699903107E31
2281	6.3276903581046325E31
2282	9.757093099152571E31
2283	9.17421724645905E31
2284	6.014507739610816E31
2285	9.06068564333055E31
2286	5.563451723456404E31
2287	5.632205675143944E31
2288	5.815105477103715E31
2289	1.3467535327916417E32
2290	1.0049635877762062E32
2291	9.003183226248044E31
2292	9.198849180111065E31
2293	8.684704996476472E31
2294	8.232322239127267E31
2295	8.05225639795604E31
2296	6.178150299359803E31
2297	6.491188762554215E31
2298	6.933750314176257E31
2299	6.480144073391777E31
2300	7.513540771970251E31
2301	8.565360001516017E31
2302	6.160075199671131E31
2303	5.7502892534651065E31
2304	9.154297642954287E31
2305	6.665675446598727E31
2306	5.738652537919886E31
2307	6.505249981838806E31
2308	9.979818863533418E31
2309	8.699252499395753E31
2310	6.5757173384954655E31
2311	5.886400953808951E31
2312	6.1021705288252905E31
2313	9.212564110228616E31
2314	9.223513233368704E31
2315	5.868011071957887E31
2316	1.023021694440022E32
2317	5.698524209201802E31
2318	9.06799096312938E31
2319	9.00290350291182E31
2320	7.226359950800012E31
2321	6.401263250661868E31
2322	9.766678739051586E31
2323	9.364992349806437E31
2324	8.515179959791772E31
2325	6.712946538230866E31
2326	7.538058829002365E31
2327	6.654128045046441E31
2328	7.550504881917868E31
2329	6.091408003870538E31
2330	9.419257580213047E31
2331	6.702550147767576E31
2332	7.603206062831292E31
2333	7.475102125108366E31
2334	1.0076504431955037E32
2335	7.653599114236638E31
2336	8.229985825231562E31
2337	6.7197461371062845E31
2338	9.15386455803619E31
2339	7.077602825946855E31
2340	6.720820121633159E31
2341	7.971319782362242E31
2342	6.703718880675933E31
2343	6.1494706792183515E31
2344	7.425157566058285E31
2345	5.948733154036234E31
2346	5.9729113694962945E31
2347	6.891265750192282E31
2348	6.395640558066552E31
2349	6.845082003006528E31
2350	6.304684916426672E31
2351	1.0406608826000364E32
2352	5.92569752402845E31
2353	9.162236480540277E31
2354	1.0863515011639002E32
2355	8.25068809420707E31
2356	6.496590754640775E31
2357	6.983451749083477E31
2358	7.119576744353801E31
2359	7.930090917761957E31
2360	6.760867419600009E31
2361	5.675892924941551E31
2362	7.01666751561242E31
2363	9.027329888259755E31
2364	7.396690963251638E31
2365	1.0815510119117567E32
2366	8.594889958527342E31
2367	6.323225750458582E31
2368	6.123763279593486E31
2369	6.4769891106406085E31
2370	7.872660818380594E31
2371	5.737560573062529E31
2372	6.980055416537013E31
2373	5.660378831450929E31
2374	6.236107273534016E31
2375	6.850665107973538E31
2376	6.287385191050204E31
2377	1.0308509087630417E32
2378	8.160856149528675E31
2379	6.558708637348374E31
2380	5.807318320815191E31
2381	8.181240802252932E31
2382	8.859214238964282E31
2383	8.100435456062965E31
2384	9.33079548183579E31
2385	5.630150498852017E31
2386	6.88437519356456E31
2387	7.750157472671849E31
2388	1.1185977448817641E32
2389	8.785046508616223E31
2390	8.193875651067073E31
2391	5.911962561973231E31
2392	6.302826430164397E31
2393	1.1479570078143584E32
2394	7.1030823183743365E31
2395	1.2429825625909076E32
2396	6.652217991355935E31
2397	7.725095658499504E31
2398	8.449682673968912E31
2399	6.551163708738603E31
2400	7.7881863914726915E31
2401	6.226261646988098E31
2402	6.408596811518772E31
2403	6.335773785805605E31
2404	7.174086227438819E31
2405	9.796453652893342E31
2406	7.9814127473423165E31
2407	1.081700733856304E32
2408	8.013026512830813E31
2409	6.884345663999145E31
2410	8.308750395280468E31
2411	8.01943803899081E31
2412	6.6756321913443635E31
2413	6.01956843095974E31
2414	9.32283387259676E31
2415	8.344792159195842E31
2416	6.53145706441926E31
2417	1.061648707673525E32
2418	6.027839265826594E31
2419	7.669458555959184E31
2420	6.890216071089414E31
2421	5.655133526264886E31
2422	8.547484591987993E31
2423	7.049216372551591E31
2424	7.636973551402458E31
2425	7.229237807099877E31
2426	6.568233751576339E31
2427	7.279710191405337E31
2428	7.054649521457676E31
2429	9.003766672984019E31
2430	6.437115473591481E31
2431	7.394382559711967E31
2432	7.38428047552859E31
2433	7.349418516846175E31
2434	9.423745339365475E31
2435	1.0451038397578726E32
2436	6.494489581018661E31
2437	7.740071841095118E31
2438	6.3546290689778075E31
2439	7.48900056906059E31
2440	6.71434764558304E31
2441	8.87356956322469E31
2442	5.586574443603485E31
2443	7.830102145037929E31
2444	6.187645381977296E31
2445	1.0787460378046248E32
2446	7.093463429187818E31
2447	8.533955562720245E31
2448	6.7508489651832195E31
2449	6.605017786290353E31
2450	6.3250599007184555E31
2451	6.734395184413504E31
2452	6.477394675231459E31
2453	6.227203667496162E31
2454	9.782262517181529E31
2455	7.907250850432771E31
2456	9.634241989075248E31
2457	1.0195484636456468E32
2458	8.40832909125038E31
2459	7.120527313234491E31
2460	7.877503018572636E31
2461	6.4089986741837715E31
2462	6.632936869886263E31
2463	5.71186375952623E31
2464	6.6918535948688225E31
2465	6.5112246429770955E31
2466	6.775923249485569E31
2467	6.75696346597377E31
2468	6.264025267853814E31
2469	7.84197869237877E31
2470	9.564144241534541E31
2471	7.081113921888017E31
2472	6.87967917649351E31
2473	6.545285577768426E31
2474	8.138766813817899E31
2475	7.387897063545435E31
2476	7.929923725765301E31
2477	1.0332737951605737E32
2478	5.956925065731412E31
2479	7.282586162059996E31
2480	8.401258186965647E31
2481	8.881961694480989E31
2482	6.773437059962482E31
2483	9.08380818113603E31
2484	7.5777145205691485E31
2485	8.37137005742208E31
2486	9.256909790899278E31
2487	6.509441684242658E31
2488	5.895321837733323E31
2489	7.991473558713787E31
2490	7.328284487809293E31
2491	8.35544403662881E31
2492	5.982422710570135E31
2493	1.2077036511735254E32
2494	8.28558350267824E31
2495	8.0300558235108085E31
2496	6.40766857079784E31
2497	7.774511539105567E31
2498	9.34688830067072E31
2499	1.2618355801029915E32
2500	6.319901308889125E31
2501	5.832442320352872E31
2502	8.63155919801671E31
2503	5.98346114236382E31
2504	8.685078299538773E31
2505	5.965659005568594E31
2506	9.953378100918956E31
2507	7.12261058136436E31
2508	7.114040188936211E31
2509	9.604617198729376E31
2510	5.943527387889414E31
2511	6.564153862833314E31
2512	7.021717263163798E31
2513	7.480716592612729E31
2514	7.20766654983212E31
2515	6.680321065919129E31
2516	6.699297761732665E31
2517	8.546402325708016E31
2518	8.625736158930835E31
2519	6.74419713308633E31
2520	7.033044387879208E31
2521	8.073410504270628E31
2522	8.820457849960794E31
2523	1.2880610948062239E32
2524	7.641927559905058E31
2525	6.8947921447003045E31
2526	9.600826934845226E31
2527	9.086618745475542E31
2528	6.999424659283539E31
2529	7.964185613377486E31
2530	9.055966417557006E31
2531	6.725763327762564E31
2532	8.321101612049084E31
2533	7.4364442373595535E31
2534	1.0345018952273733E32
2535	6.120472004407738E31
2536	8.621060835149504E31
2537	1.1378578211915569E32
2538	1.0682082711870852E32
2539	6.528931620704222E31
2540	6.760014964394209E31
2541	6.523864506386546E31
2542	7.365974854914626E31
2543	7.909825315814116E31
2544	8.529290251078802E31
2545	1.0074549763950917E32
2546	7.837184485533812E31
2547	7.633755454480372E31
2548	6.2024363942483545E31
2549	6.466953490670564E31
2550	8.912655025370405E31
2551	6.8565356061607E31
2552	9.744558054299362E31
2553	9.803503966107663E31
2554	6.095073740684533E31
2555	6.4487792855585055E31
2556	6.650432637404134E31
2557	7.169852418507308E31
2558	1.1874095233324377E32
2559	8.13394378606541E31
2560	6.832195228591556E31
2561	8.251353352434664E31
2562	7.845336214415696E31
2563	9.075135500456371E31
2564	5.815661446882242E31
2565	8.254473164060685E31
2566	6.590971012727506E31
2567	5.834292021258509E31
2568	6.101225532816648E31
2569	8.67092599185259E31
2570	7.018417361116417E31
2571	5.793637854223609E31
2572	1.1604244195068897E32
2573	1.0700393265915634E32
2574	6.003137316857815E31
2575	9.946281108577766E31
2576	7.4160336824748935E31
2577	6.808398912307259E31
2578	6.616497274904974E31
2579	1.065549604643222E32
2580	5.656580289677008E31
2581	6.4940357890104755E31
2582	6.166969557743024E31
2583	6.171669613251306E31
2584	9.251103398057135E31
2585	7.482762304016489E31
2586	7.229493654144205E31
2587	1.0055153613617491E32
2588	7.75172500982362E31
2589	5.854300656041718E31
2590	1.0910059560560914E32
2591	5.704137220570736E31
2592	1.0559671657910593E32
2593	1.092495845079259E32
2594	6.921830989751229E31
2595	6.51094303069418E31
2596	9.193541219793532E31
2597	7.594147121505268E31
2598	6.068375237216639E31
2599	7.2385752522345135E31
2600	7.21718092011345E31
2601	6.344567693510811E31
2602	5.591148800127496E31
2603	7.989614975649207E31
2604	7.316922240539902E31
2605	8.118145826596677E31
2606	7.180428561483614E31
2607	7.5276118979248805E31
2608	5.850546605397463E31
2609	6.680785251612648E31
2610	6.509478883092851E31
2611	6.1582979853665255E31
2612	1.0190546099816987E32
2613	7.447609331541964E31
2614	8.936120246136065E31
2615	1.0007517601853392E32
2616	5.60887153170042E31
2617	9.052638579745078E31
2618	5.7946298721416025E31
2619	1.118426018703747E32
2620	8.827913994420519E31
2621	6.5962331579184055E31
2622	8.98740759156381E31
2623	6.399057970564619E31
2624	6.5005109706288545E31
2625	6.802968195255874E31
2626	6.380886893739067E31
2627	1.0512930099933942E32
2628	6.384373296322526E31
2629	7.040072201036442E31
2630	6.002372529109153E31
2631	9.86205418803895E31
2632	5.875872006495671E31
2633	7.023848667219577E31
2634	8.204467514483308E31
2635	6.891343726251292E31
2636	6.830454039004633E31
2637	8.372054859239034E31
2638	7.243418995875467E31
2639	6.1450199113736715E31
2640	9.621644465494945E31
2641	6.339610275875096E31
2642	9.91587115492282E31
2643	6.171023666846799E31
2644	7.232837756750464E31
2645	8.529248482178954E31
2646	5.7704426306754E31
2647	7.853061044279927E31
2648	6.5100454421062155E31
2649	9.27677342431329E31
2650	6.00389385231377E31
2651	8.871249349667579E31
2652	7.472547132168774E31
2653	7.350784291369262E31
2654	5.727472173316042E31
2655	6.904747806200689E31
2656	9.731566041590245E31
2657	7.065752903046924E31
2658	7.613587527833527E31
2659	6.71348311758069E31
2660	1.375615705863117E32
2661	9.795246790588025E31
2662	5.953314837112132E31
2663	8.424094149218925E31
2664	8.1189438008718E31
2665	8.635549886539146E31
2666	7.542806778123629E31
2667	8.779849292720584E31
2668	1.0058415806753139E32
2669	6.484885699492231E31
2670	5.593886215949804E31
2671	7.0994462822293575E31
2672	5.949170679784387E31
2673	8.442910283411657E31
2674	7.055778521312416E31
2675	9.99068461236273E31
2676	6.462959975207197E31
2677	8.320308076849457E31
2678	1.021860820009222E32
2679	8.58328869608089E31
2680	6.415625070080298E31
2681	9.035776761695103E31
2682	8.170573519023537E31
2683	6.797901936340264E31
2684	8.706236013387223E31
2685	5.797972160265291E31
2686	7.025767817993355E31
2687	7.914396352511045E31
2688	7.161413004852987E31
2689	8.477162498408758E31
2690	9.725074363595537E31
2691	5.76611527378592E31
2692	8.481176017666763E31
2693	6.791613350003345E31
2694	5.633479513233273E31
2695	7.981457945293583E31
2696	7.036913764151478E31
2697	6.848021414891894E31
2698	7.548688288459728E31
2699	8.329207831670745E31
2700	6.034830253902829E31
2701	8.586007647184108E31
2702	6.488216719566561E31
2703	9.830928092901294E31
2704	8.886753105159974E31
2705	7.6664543849987045E31
2706	6.674033080610272E31
2707	9.004143250980858E31
2708	6.442123425243489E31
2709	7.879001908993431E31
2710	9.04441045131361E31
2711	9.591464292206292E31
2712	8.238956553972859E31
2713	8.831007479868728E31
2714	8.618205586568003E31
2715	1.042843307235565E32
2716	6.685540296145693E31
2717	5.640310618059652E31
2718	7.386030503075396E31
2719	7.87587148011576E31
2720	6.783197288522806E31
2721	6.266378931758727E31
2722	6.9968047839684E31
2723	7.437417057080724E31
2724	6.2660518118931505E31
2725	6.907498313813004E31
2726	7.982537291725203E31
2727	9.882778719059471E31
2728	6.977204275242757E31
2729	1.1921029359069504E32
2730	6.63477301759371E31
2731	8.741307300845219E31
2732	7.404114339248568E31
2733	7.072808761255238E31
2734	7.881967771810688E31
2735	6.588399138230934E31
2736	6.769055321108857E31
2737	1.1058406631834228E32
2738	9.346278496831387E31
2739	6.105831990870086E31
2740	9.099311786460928E31
2741	7.448424346764259E31
2742	9.266939288602161E31
2743	6.863200994498565E31
2744	7.440956415172892E31
2745	7.006406511665993E31
2746	7.0233897895227995E31
2747	5.843509697354356E31
2748	6.97415075648399E31
2749	8.38454805224508E31
2750	6.254116223120728E31
2751	6.672268191087771E31
2752	6.041302211086996E31
2753	6.1544556027591E31
2754	6.797735503151844E31
2755	6.241743529024571E31
2756	8.763749342825105E31
2757	5.9500909195945785E31
2758	9.24460117400293E31
2759	9.763545187148626E31
2760	8.27224701688612E31
2761	6.819203136806559E31
2762	6.778678367872174E31
2763	6.590636395459883E31
2764	6.725069741717339E31
2765	6.015983399261267E31
2766	6.200928664374709E31
2767	7.5197567687198765E31
2768	6.077922942062566E31
2769	6.846817305732339E31
2770	7.444793448934671E31
2771	1.0469058293910777E32
2772	8.879634108387787E31
2773	7.52436440718344E31
2774	8.70098249477238E31
2775	9.868057980499456E31
2776	9.352385775650746E31
2777	9.131794531194564E31
2778	1.0069791319099138E32
2779	6.262916269970325E31
2780	9.91249512200769E31
2781	6.345014078828134E31
2782	8.180399063316912E31
2783	6.2770654446715685E31
2784	6.412649230225059E31
2785	6.8980578430368915E31
2786	5.829463239386588E31
2787	7.3250109011438035E31
2788	1.2763643010055559E32
2789	7.896529160134524E31
2790	6.5029980223756675E31
2791	7.193863429903259E31
2792	6.270778803651784E31
2793	9.481905511233578E31
2794	1.2068865607294159E32
2795	6.367403415534647E31
2796	1.0583899874349105E32
2797	1.0834410058770948E32
2798	8.463551245145126E31
2799	7.685921192172447E31
2800	6.326776897463936E31
2801	1.0578737747208063E32
2802	5.993996690693619E31
2803	5.939223429416062E31
2804	7.126578301658536E31
2805	6.546963500115845E31
2806	9.239793319869797E31
2807	6.764388251053381E31
2808	6.314809552201856E31
2809	7.045162783234824E31
2810	6.274176082567263E31
2811	8.275437046700464E31
2812	6.590756122551171E31
2813	8.761448436606522E31
2814	6.644406340861886E31
2815	8.136268410270235E31
2816	7.013058369471177E31
2817	5.831926161271581E31
2818	6.673526540090347E31
2819	6.3809508024329055E31
2820	8.982205274979588E31
2821	1.0870626371778142E32
2822	8.107009608015399E31
2823	5.967449807105599E31
2824	6.67617862736622E31
2825	1.141746100552012E32
2826	9.985678791931099E31
2827	7.07682234456105E31
2828	9.049824981234676E31
2829	7.306937007623314E31
2830	7.2379443066487935E31
2831	7.610899766077945E31
2832	1.310910101430976E32
2833	5.900793355864265E31
2834	9.061219381184697E31
2835	8.703562048119288E31
2836	7.109936779871734E31
2837	8.554360695684981E31
2838	7.992899037707687E31
2839	8.28543477459481E31
2840	5.604098225624138E31
2841	6.756059881804224E31
2842	5.605752142250376E31
2843	6.617451614021232E31
2844	5.920177054622127E31
2845	8.655897781639121E31
2846	6.475828863672435E31
2847	7.06810964504559E31
2848	5.773189785103021E31
2849	5.932612280078832E31
2850	1.0864785318700183E32
2851	7.881611780579194E31
2852	6.051244102913854E31
2853	8.911405314950916E31
2854	1.1269004201127103E32
2855	6.650515631215391E31
2856	6.89449923313951E31
2857	6.077497905730318E31
2858	7.755731859580812E31
2859	8.035887380446997E31
2860	9.435794599192475E31
2861	6.9908783434403345E31
2862	6.112218399374636E31
2863	8.288077968472077E31
2864	6.340223721916933E31
2865	8.176356262766542E31
2866	6.339162149939336E31
2867	8.332915481509596E31
2868	8.51048992235972E31
2869	6.395006038162969E31
2870	6.104160657295304E31
2871	6.8234501951453535E31
2872	8.565586910513257E31
2873	7.013676686038559E31
2874	8.473161345327587E31
2875	6.310364790656069E31
2876	8.017623318516369E31
2877	9.156819967307875E31
2878	5.988702722176997E31
2879	6.735402882359497E31
2880	9.698858397114405E31
2881	9.89210307131784E31
2882	5.5185988476399575E31
2883	8.879835799026582E31
2884	1.064806406728182E32
2885	1.3266881786101123E32
2886	1.103379517918047E32
2887	5.963401141941747E31
2888	7.3860621038618885E31
2889	1.1312198249876071E32
2890	7.675697580022915E31
2891	5.693357116568861E31
2892	5.622765743158221E31
2893	7.565060390801144E31
2894	6.879643674868701E31
2895	7.6415250032867835E31
2896	5.511859980463484E31
2897	1.1061150946646804E32
2898	7.325399006362621E31
2899	5.928829492805346E31
2900	1.0287052032333114E32
2901	7.5293615914550835E31
2902	7.603867371618462E31
2903	9.773664278395212E31
2904	1.2325289086664509E32
2905	6.8997598268808E31
2906	6.787696551232167E31
2907	7.691991989087675E31
2908	8.24078813357135E31
2909	5.906390663508194E31
2910	7.512793382753412E31
2911	6.749699331444939E31
2912	6.87967917649351E31
2913	6.405702623225569E31
2914	7.024025059386164E31
2915	6.63203044980214E31
2916	7.25413726976556E31
2917	6.266996059918819E31
2918	1.0313321354897185E32
2919	7.146253387499257E31
2920	8.069366188195948E31
2921	7.7375370659067165E31
2922	1.0178425005331638E32
2923	5.640233456752946E31
2924	8.762779049160176E31
2925	5.7089641261834575E31
2926	1.1345062734224413E32
2927	7.700696133268212E31
2928	5.9795390563158075E31
2929	9.257650926222329E31
2930	8.293337367323829E31
2931	1.0433776784737776E32
2932	8.540367717819258E31
2933	1.8841669283250237E32
2934	9.336528428526037E31
2935	9.353718514738653E31
2936	8.886687069316004E31
2937	6.397126891020745E31
2938	1.110809557360511E32
2939	8.066224522601839E31
2940	5.995250359655613E31
2941	6.051286791966295E31
2942	6.760393690142561E31
2943	7.0770110202067105E31
2944	9.526361293210007E31
2945	7.003712498567414E31
2946	6.345625507162059E31
2947	9.484628753446484E31
2948	6.834959826216707E31
2949	8.182105147820865E31
2950	9.37214521871874E31
2951	6.2957928559982295E31
2952	6.529248273671797E31
2953	6.79519517389764E31
2954	7.078236619106246E31
2955	8.674592920507543E31
2956	5.756848242114083E31
2957	7.595950176204107E31
2958	6.276553343289287E31
2959	6.302082671157123E31
2960	8.213656661161245E31
2961	6.938965089750619E31
2962	8.23275689855039E31
2963	6.146890865879727E31
2964	1.0461953656779338E32
2965	1.1779812688407863E32
2966	9.979161117817004E31
2967	6.400861615318733E31
2968	7.755331510612373E31
2969	9.831715954868548E31
2970	1.0312708527699225E32
2971	6.100339444239846E31
2972	7.96109286407133E31
2973	7.915247190623951E31
2974	6.941741519239289E31
2975	7.368796924755235E31
2976	8.531415988940703E31
2977	6.191304485851498E31
2978	6.171225796201106E31
2979	7.518393535806305E31
2980	5.636017007732282E31
2981	6.133297678903392E31
2982	1.0073539516410994E32
2983	1.0681934515163059E32
2984	6.3322591643223495E31
2985	9.042090089850237E31
2986	7.542045362329992E31
2987	7.678089644998982E31
2988	6.292056764189048E31
2989	1.213744309202233E32
2990	8.097619286353921E31
2991	5.893407071111821E31
2992	6.561097675865856E31
2993	7.017764412006702E31
2994	8.649675094280543E31
2995	9.294314053805318E31
2996	9.739317064119595E31
2997	9.29368390275923E31
2998	7.920929653725395E31
2999	8.277423265839587E31
3000	8.091841092631999E31
3001	6.6809449752152245E31
3002	6.383133603831449E31
3003	9.709333249211813E31
3004	6.4380325284018735E31
3005	7.272580274223874E31
3006	9.197061761526602E31
3007	9.556862272127463E31
3008	1.0013488458874047E32
3009	6.0329822384875885E31
3010	7.164058053115257E31
3011	6.356220017820922E31
3012	6.89163859512539E31
3013	6.011978977533363E31
3014	8.1028894872634695E31
3015	9.26142354572644E31
3016	6.017730530910796E31
3017	8.68029621527073E31
3018	6.618092036055392E31
3019	8.0030297976045555E31
3020	6.107421776053067E31
3021	7.47887823585025E31
3022	7.2420771142829525E31
3023	9.027226298350342E31
3024	7.353124644598809E31
3025	8.689923958149658E31
3026	6.798830251542108E31
3027	6.750266086575328E31
3028	7.398725468916546E31
3029	6.61486454761793E31
3030	6.734509339843524E31
3031	6.302043666928522E31
3032	8.16325133018226E31
3033	5.8338618464759105E31
3034	8.524998185229905E31
3035	5.954886722502798E31
3036	8.688107225962562E31
3037	5.804983440826724E31
3038	8.255248878520312E31
3039	7.149454548556218E31
3040	1.0128380341631475E32
3041	8.661935765305485E31
3042	6.579606979513492E31
3043	7.920446342018393E31
3044	7.4194814781388515E31
3045	7.658396918239504E31
3046	7.422506084647526E31
3047	7.744193162671392E31
3048	6.613449102489595E31
3049	8.665477922206724E31
3050	1.0706942649792911E32
3051	7.471209816513227E31
3052	5.879879824991035E31
3053	7.160748819417214E31
3054	7.23334326388575E31
3055	6.937362203018719E31
3056	7.800498732562416E31
3057	7.886541101461376E31
3058	6.5529497039792265E31
3059	6.946868693349348E31
3060	5.578157258572909E31
3061	5.826248457047411E31
3062	6.824376345003204E31
3063	5.533201313805158E31
3064	9.248383056100898E31
3065	8.68898910063717E31
3066	6.3200094041132215E31
3067	5.819077340457251E31
3068	6.57179478730575E31
3069	7.085134548485416E31
3070	7.448700229436228E31
3071	8.144689615811922E31
3072	6.440066782302591E31
3073	6.547512540926447E31
3074	5.984778110424368E31
3075	6.789013005482879E31
3076	9.232288836448083E31
3077	5.8605846009305165E31
3078	6.33360765171917E31
3079	6.420395409594267E31
3080	7.661337959751231E31
3081	6.668842555499535E31
3082	6.109599323597884E31
3083	9.32584998116752E31
3084	1.0455241610441582E32
3085	7.229194605312987E31
3086	1.068386421311762E32
3087	7.521874750689633E31
3088	6.129544629726269E31
3089	7.582841513390341E31
3090	9.06866471449559E31
3091	6.365731494286101E31
3092	7.656162068642789E31
3093	6.951926583385145E31
3094	6.479205718580903E31
3095	8.649999886543733E31
3096	7.713576333997988E31
3097	8.613744420183512E31
3098	7.655948108973019E31
3099	9.195904848003597E31
3100	6.504436181567754E31
3101	9.45039152281921E31
3102	1.1263433643758506E32
3103	6.679739688460146E31
3104	6.2375728646596925E31
3105	1.0310929708836198E32
3106	1.0129937004860967E32
3107	6.534296445569417E31
3108	6.089741364565342E31
3109	7.695667961447676E31
3110	9.013984739803132E31
3111	7.995911032799395E31
3112	5.79640053782122E31
3113	7.129063621774328E31
3114	5.869804770280722E31
3115	6.655409729665513E31
3116	7.0581997480592505E31
3117	7.764069145930597E31
3118	9.302092829243759E31
3119	7.145489097381123E31
3120	1.0103740802525173E32
3121	1.1087856523682768E32
3122	1.1450429298730001E32
3123	8.114998662893236E31
3124	6.108359451223281E31
3125	6.427546392485896E31
3126	7.431063748703257E31
3127	7.018996955955286E31
3128	5.929199797699396E31
3129	9.170128697305242E31
3130	6.278725916154009E31
3131	6.21518703138067E31
3132	9.080897328646592E31
3133	7.926112879716135E31
3134	8.990252436460892E31
3135	5.845772983062229E31
3136	6.6997097786947595E31
3137	7.208594239705629E31
3138	5.694837358261795E31
3139	7.509120719360993E31
3140	9.455953579894552E31
3141	8.701260010346662E31
3142	6.372479561271039E31
3143	5.9078813956955205E31
3144	1.0969652787320964E32
3145	7.281763338654665E31
3146	5.730015828754572E31
3147	6.085482401765453E31
3148	7.4897447199195115E31
3149	8.921136864251256E31
3150	8.773175966635568E31
3151	7.63069298304189E31
3152	7.2047724188311045E31
3153	6.631217684568086E31
3154	8.120048472405004E31
3155	6.541832379817462E31
3156	6.368410316113939E31
3157	5.834688722856858E31
3158	1.3765923169528885E32
3159	5.915970208923214E31
3160	8.273963863017645E31
3161	7.5950283619075705E31
3162	9.047250782298593E31
3163	7.465769359145594E31
3164	7.280428996568354E31
3165	7.710343780217298E31
3166	5.543266883018363E31
3167	8.086593201091233E31
3168	5.796241928293454E31
3169	6.860662204928766E31
3170	6.015423354954538E31
3171	1.0470406537417025E32
3172	6.768204117381382E31
3173	1.3048274462055764E32
3174	1.0446099125059115E32
3175	7.164750432788605E31
3176	6.677411440887975E31
3177	9.657069958364621E31
3178	6.092248028952349E31
3179	9.418422462454466E31
3180	7.520259852055366E31
3181	6.858181066231957E31
3182	6.984885120743328E31
3183	5.576526111729904E31
3184	7.336263673060222E31
3185	8.075507684059751E31
3186	9.910549693765957E31
3187	7.305768353747474E31
3188	1.3940038167634396E32
3189	1.0169194170409962E32
3190	9.215022843192559E31
3191	1.2656406747396293E32
3192	6.770516265723678E31
3193	9.04783965375587E31
3194	1.1458667188004232E32
3195	6.220011713532711E31
3196	5.931611939470745E31
3197	6.48788129807886E31
3198	7.024915614697406E31
3199	9.297298805030506E31
3200	7.2495584285058955E31
3201	7.0762101108873265E31
3202	8.708863112029643E31
3203	6.783287243447557E31
3204	5.956019799929463E31
3205	6.195168732730483E31
3206	8.126557173988715E31
3207	6.840720488223417E31
3208	7.253935807809197E31
3209	8.411778982822373E31
3210	5.7911343056837475E31
3211	1.1489276008903013E32
3212	1.3524932585927724E32
3213	7.900918899337862E31
3214	8.90946283402448E31
3215	7.256930424154584E31
3216	6.221856331472641E31
3217	6.1742241147205865E31
3218	8.59159734044509E31
3219	9.966993907447892E31
3220	1.3915934518066034E32
3221	6.905821579094177E31
3222	6.265140011471692E31
3223	7.214448180316676E31
3224	9.211218139645444E31
3225	9.1180877401742E31
3226	6.698408300259018E31
3227	6.55756316009972E31
3228	5.978020157287424E31
3229	6.666609277777375E31
3230	6.08240491758082E31
3231	6.965047794867998E31
3232	6.453113007024712E31
3233	6.536910373084398E31
3234	7.795766993630878E31
3235	1.0583624793774032E32
3236	8.69609889150829E31
3237	8.9462999698204E31
3238	9.311019252540702E31
3239	6.318702226006109E31
3240	6.357733154954546E31
3241	8.038996873337269E31
3242	7.922464042677292E31
3243	6.576213032096401E31
3244	5.981916098659278E31
3245	8.069567629581368E31
3246	6.078599025965545E31
3247	6.509580016596247E31
3248	7.966384065150382E31
3249	6.748116205247097E31
3250	8.0171439884724945E31
3251	7.2905513754330275E31
3252	7.475268490640406E31
3253	6.365578115721943E31
3254	7.560517554867567E31
3255	7.238346099125071E31
3256	1.1141041819815337E32
3257	8.38035618285808E31
3258	7.744580316487809E31
3259	6.21785121405706E31
3260	7.48672966938051E31
3261	7.790906516013463E31
3262	7.612588195273254E31
3263	6.1449995999742015E31
3264	6.5580336699583185E31
3265	8.870706772728129E31
3266	7.505657592980871E31
3267	1.0350740591178025E32
3268	5.780961791790321E31
3269	9.691991339709552E31
3270	6.861558091597736E31
3271	9.44425357817842E31
3272	7.017941193805104E31
3273	8.759358558265542E31
3274	5.991870895079699E31
3275	6.486811652129644E31
3276	7.062307233260973E31
3277	5.962279392694512E31
3278	7.285719381597832E31
3279	7.598660532297991E31
3280	6.73666219010488E31
3281	1.0520673924519793E32
3282	6.7616664714414335E31
3283	1.047538469243756E32
3284	7.869548358203513E31
3285	6.744282310442399E31
3286	1.0288508868644242E32
3287	5.7551162206011145E31
3288	1.0744266659265904E32
3289	6.167435161250864E31
3290	6.808327662554261E31
3291	8.133384047581378E31
3292	8.79605990606878E31
3293	7.174105502741608E31
3294	7.927120112174454E31
3295	8.32033956076298E31
3296	9.265258531718486E31
3297	7.063724404862958E31
3298	7.4101024629609E31
3299	8.045480096280314E31
3300	9.257429689684516E31
3301	6.250715002886251E31
3302	6.0583936902498975E31
3303	6.577597158272463E31
3304	7.183028462483688E31
3305	9.47762151678227E31
3306	7.763361438214685E31
3307	1.0129180001157525E32
3308	8.936312894242775E31
3309	7.492890645370742E31
3310	5.816351094963078E31
3311	6.357687020014928E31
3312	7.34641779095359E31
3313	7.553458223895447E31
3314	7.117888969588745E31
3315	8.325945643689782E31
3316	5.61203342608682E31
3317	5.948735542481635E31
3318	6.195089367747099E31
3319	8.021453884496648E31
3320	6.266779506438268E31
3321	8.605470895344933E31
3322	8.51709436639928E31
3323	8.0454666436685E31
3324	1.0109879407290044E32
3325	6.606593481414208E31
3326	5.9778627281845535E31
3327	7.517550919588388E31
3328	8.927892342459574E31
3329	8.43503583476639E31
3330	1.2490662510391176E32
3331	9.113643528663497E31
3332	8.707967203803923E31
3333	7.552673865257157E31
