1	825.8615953652877
2	588.5057778007501
3	572.3420458754715
4	1120.5365904810624
5	992.2007934774064
6	595.4968231279865
7	674.1115849144493
8	832.2685618291576
9	769.685382312939
10	574.076673211262
11	1378.189769355728
12	648.3004946156525
13	586.5473712913239
14	684.3577725383946
15	1050.6877934671104
16	623.5174012778085
17	1413.6623829990535
18	772.9435853865249
19	865.0882075906101
20	1363.4928973638666
21	608.7110581843314
22	643.6479452022461
23	645.1609583979262
24	580.8802510827343
25	698.4991513781862
26	703.1162324871078
27	703.1162324871078
28	1080.3329122283208
29	592.2332889826056
30	651.2049880889305
31	570.342597599775
32	593.4960249946438
33	940.5206845544146
34	569.9737406452988
35	669.9141500970609
36	1013.3134481033219
37	1184.500400041577
38	660.3728130740097
39	582.8128116965132
40	635.7810215523383
41	573.654579216795
42	818.0376600399658
43	1047.0001125248618
44	615.1479814228669
45	587.0010680575906
46	572.8457324614179
47	928.7928746469604
48	584.1386156345364
49	573.2985795858239
50	1355.1355227187698
51	579.1054220520278
52	962.9272456053972
53	645.1609583979262
54	799.8859688620668
55	968.7403708489015
56	959.8024471915853
57	597.1170382712368
58	1209.3750564211116
59	799.9840405000817
60	597.0153414245048
61	769.685382312939
62	844.1379721762095
63	869.6898559257918
64	985.7271063414474
65	608.0459335869652
66	816.7773474556759
67	976.0689590146468
68	1150.6326105479707
69	1598.203912738337
70	569.4012228882333
71	846.1827884602584
72	769.685382312939
73	702.3715177881123
74	628.680476352739
75	771.461377478241
76	769.0401222399802
77	592.2332889826056
78	799.8859688620668
79	587.0700656774579
80	969.3477179681007
81	640.213397595328
82	761.7027649708211
83	1019.9551108098342
84	638.1336388976858
85	1202.8869985287454
86	580.8252564135407
87	893.8271877206777
88	842.0271693700183
89	580.8252564135407
90	1092.020788757941
91	661.8229909060844
92	633.1778000557969
93	909.7054788617467
94	588.2572536176361
95	1206.3572790454268
96	984.2244141205592
97	606.5597312800236
98	712.9791705588142
99	1266.5138099358921
100	801.9128399126743
101	701.4736753103334
102	1378.189769355728
103	596.2954256000327
104	575.9939043078533
105	802.6563845211269
106	570.4760063876561
107	712.9791705588142
108	1266.5138099358921
109	676.3468066069586
110	723.8369895225017
111	666.0217421906065
112	799.8859688620668
113	686.5924265308361
114	592.5247659662652
115	1092.020788757941
116	1083.271534726912
117	748.3082562000263
118	741.9943434765319
119	612.5380365629607
120	1092.020788757941
121	660.9559456218209
122	570.651031081958
123	606.3332318551697
124	1063.5308326995976
125	575.0924414759156
126	569.0013397701829
127	579.1054220520278
128	710.3647939400392
129	570.0579990443171
130	597.2830445443523
131	861.6006718495343
132	1092.020788757941
133	1159.893619769421
134	1056.2857630178637
135	571.1548327422812
136	568.4078641805307
137	806.5686840101387
138	916.135562032698
139	799.8859688620668
140	638.1336388976858
141	665.2920711350525
142	570.226138254471
143	568.921131780253
144	1024.0456415879014
145	575.0413281004232
146	792.6283298563384
147	750.2288491258261
148	719.4361159048541
149	637.5714537158517
150	1009.0485021986856
151	609.4781495488475
152	867.7492014375683
153	594.231182485579
154	1136.437348762373
155	734.533013739325
156	723.8629283243122
157	752.7359437356145
158	573.3218031300429
159	799.8859688620668
160	942.7639555283716
161	572.176959422188
162	572.3483919659191
163	619.595145755884
164	582.1519506661552
165	1529.841470981712
166	707.4496878363657
167	1234.013491775407
168	576.6823386797405
169	1063.5308326995976
170	1398.732088780537
171	858.6881311678003
172	934.8297963011343
173	867.5635110341331
174	637.7576753817206
175	688.8686845102766
176	730.9615916743271
177	631.389143598819
178	635.5018160498931
179	729.9917728305196
180	661.6462838685057
181	746.1260866912284
182	570.4510116016328
183	697.5122796186618
184	603.6846709622193
185	992.2007934774065
186	604.38532074539
187	762.9598206199616
188	714.0259651571106
189	862.0274408128795
190	614.9691520405428
191	570.8327450508489
192	592.2332889826056
193	627.8078099960077
194	576.1248897032049
195	640.8166852747729
196	1091.1387593227591
197	930.3765081770896
198	574.9055067799576
199	620.0924379907262
200	711.1318633391061
201	644.1488792657944
202	601.406677175396
203	596.4164074084065
204	592.2332889826056
205	571.4948144315556
206	650.0071039519077
207	730.5660708236915
208	935.0913346474018
209	605.2032761709562
210	645.1609583979262
211	577.1762611274648
212	693.2646775643182
213	1266.513809935892
214	916.5615682664004
215	573.115509486623
216	651.6928538328416
217	623.1622155464042
218	1193.6189777297518
219	787.475648502775
220	589.4563697029267
221	696.3640526954346
222	701.4736753103334
223	650.2324973046228
224	664.2251552084529
225	712.9791705588142
226	578.8513904374638
227	568.4420191839754
228	572.4536486566635
229	1366.592611260895
230	635.7810215523383
231	592.2332889826056
232	604.6272939130371
233	1075.6234153275075
234	626.7497586278892
235	624.7344135953647
236	619.3355959012392
237	633.1423458645323
238	664.5283360075324
239	1512.1678887476914
240	595.7042636735777
241	580.1629335882809
242	909.449161242545
243	792.1112510442092
244	822.8504735982715
245	696.4803152166076
246	850.8307235458248
247	818.9624779738542
248	896.8380502816659
249	730.6623582815793
250	958.3588247105032
251	696.4803152166076
252	909.995198799563
253	746.4441351869062
254	584.6862390349017
255	799.8859688620668
256	1126.6273272002663
257	570.2989766569274
258	842.0271693700183
259	574.8554786178012
260	584.2057658128564
261	606.5597312800236
262	791.4155672465758
263	601.887951149229
264	570.521236674308
265	641.8207791399686
266	1155.9713373866853
267	584.7639623418258
268	1057.517132334852
269	820.1229793674423
270	1019.9551108098342
271	584.7639623418258
272	940.5206845544146
273	577.7944092978149
274	696.3588349653428
275	675.3536906610902
276	615.2628539016638
277	933.9092640387195
278	907.3388846219289
279	974.9757156904027
280	1355.1355227187698
281	686.8543050335495
282	857.4405737008383
283	734.533013739325
284	593.8495913925829
285	871.6469078033969
286	570.1352010702711
287	983.1802902570327
288	1261.3201701667722
289	1157.2244842083933
290	600.9297364460786
291	940.5206845544146
292	580.8276691904447
293	615.5973155643766
294	601.5245142205279
295	747.1962630377747
296	940.506869012646
297	1468.6747596829327
298	799.8859688620668
299	573.2985795858239
300	607.2701761020282
301	707.1124519446138
302	1191.020088169402
303	579.1054220520278
304	600.9297364460786
305	799.8859688620668
306	727.9551048651655
307	640.1625979099642
308	684.4232653906148
309	775.5384236615938
310	1184.500400041577
311	626.6954984306911
312	680.420239946312
313	1298.3546251987448
314	1366.592611260895
315	596.5900604582821
316	1541.9431163788977
317	571.4948144315556
318	695.7783947099988
319	605.1622530437717
320	1014.243564685574
321	1076.3103135529852
322	734.8713791704804
323	727.6155702950786
324	1326.216190306987
325	795.9949325259147
326	662.7409162897599
327	855.5009719122072
328	577.3697996535545
329	1237.018690739751
330	802.626593110455
331	620.4159627307376
332	760.0147213948358
333	639.406951612725
334	696.4803152166076
335	1057.7500001383755
336	769.685382312939
337	911.5049364096208
338	905.9864836019117
339	680.420239946312
340	675.5335420042071
341	592.6454960289011
342	742.0602491871093
343	571.4948144315556
344	730.5660708236915
345	625.5378741312314
346	914.9024469789052
347	799.8859688620668
348	569.0192287023622
349	568.8892005615404
350	1640.7107862960402
351	731.0002055558331
352	1444.7139540965684
353	574.6920114102807
354	1253.6419791397159
355	983.2035320958327
356	810.1668574434758
357	668.4588334668554
358	631.3171997620949
359	983.1802902570327
360	649.9391565787564
361	570.1271032490699
362	992.0332491043085
363	936.268999261095
364	1397.26523542478
365	610.7023291274726
366	753.0513009494833
367	885.824349874724
368	576.3044356711767
369	1005.5600736044788
370	618.1324406190793
371	652.5945810999874
372	766.0386986777764
373	975.4555745329683
374	597.375636586936
375	1140.0313802433964
376	652.5945810999874
377	704.8061221984965
378	573.2238797232841
379	619.6580452583944
380	570.8481659757161
381	842.0271693700183
382	573.3218031300429
383	1174.4912527320027
384	597.078512182587
385	1092.020788757941
386	723.7075758694518
387	696.6220003007744
388	614.4686083587334
389	807.0977111926837
390	1050.2773759887666
391	1092.020788757941
392	573.5663756118362
393	1086.113724615123
394	806.0732365006281
395	657.5362734906726
396	575.0413478898366
397	619.0428620624145
398	733.859785998061
399	745.5541443529908
400	670.2984624415914
401	572.7819988323841
402	583.3263984738694
403	579.1054220520278
404	603.7077860554261
405	575.2221429773957
406	698.300772740608
407	783.6042581687425
408	1326.216190306987
409	579.1054220520278
410	672.1179145215458
411	1081.3153919238264
412	1002.4430611940979
413	671.4044279164627
414	568.6923443862763
415	1070.7888993501726
416	654.9567787803319
417	597.1621831748834
418	655.1238390494586
419	1432.7337880642574
420	878.4246477860124
421	1113.926777702082
422	583.3263984738694
423	983.1802902570327
424	1063.5308326995976
425	748.4826215909786
426	683.7103769009608
427	594.0700801988885
428	591.3034070027185
429	758.3357414399312
430	631.1402749561476
431	737.6235729547572
432	574.6361691203927
433	809.0799961733585
434	650.9084186124142
435	1067.2818864332146
436	646.0930871089217
437	641.4636888081592
438	587.6195968435163
439	707.468411286518
440	842.9958792385748
441	568.4099395843695
442	1225.5469724808609
443	701.4736753103334
444	742.1306510811953
445	823.5216615028711
446	749.9777372488214
447	921.8520498799697
448	993.134575357707
449	701.4736753103335
450	568.8097402856619
451	591.3829498569714
452	836.4636737660999
453	661.8229909060844
454	1339.3673848115363
455	1092.0207887579409
456	703.116232487108
457	1168.2867016307875
458	696.4803152166076
459	588.4821406742459
460	580.7655274684622
461	1184.5004000415772
462	576.3613781592616
463	660.5969282177126
464	1144.383806293092
465	619.2689272675652
466	589.394691997411
467	658.3064645859811
468	592.0060545158196
469	670.6404127982863
470	671.1327120760159
471	1496.3182448322013
472	766.8994589124483
473	799.8859688620668
474	575.0924414759156
475	1309.2473813418985
476	628.4060926419577
477	584.1100527904714
478	805.8407117621093
479	612.8889809823056
480	654.088825413231
481	579.1054220520278
482	1019.9551108098342
483	766.8994589124485
484	615.1479814228668
485	1283.2966891034364
486	626.1921702921092
487	786.1213718222251
488	807.0977111926837
489	601.7258703508336
490	867.7492014375683
491	1101.0649306675898
492	568.4349658078852
493	599.7437002820582
494	602.3430349540413
495	853.599407126908
496	727.3651552143102
497	1326.216190306987
498	646.5404302923047
499	664.8284813607248
500	599.6840550842537
501	573.3633573508806
502	568.889552675149
503	748.784628064441
504	1395.1547023186235
505	996.6082768263111
506	1556.2154705649332
507	654.2289398976017
508	585.9720483674752
509	1068.101077388823
510	614.5812323084654
511	569.5455900773718
512	851.7667096998115
513	890.5457195035784
514	803.0574859087264
515	675.4415483276632
516	1378.189769355728
517	573.1214270099247
518	1013.0255934294594
519	665.7489896473564
520	705.7970070439629
521	781.2022022452256
522	1465.1158661653785
523	758.8695772657501
524	579.1054220520278
525	854.9601452813735
526	1092.020788757941
527	694.7098389442966
528	1126.6273272002663
529	569.0220833191989
530	572.2926138018637
531	827.7577217776097
532	645.1609583979262
533	943.0360282746905
534	799.8859688620668
535	613.9102729773904
536	582.903931473003
537	617.532710346655
538	747.6289060683138
539	673.3715108892156
540	576.8370469244117
541	736.2490112620703
542	777.7233788568476
543	902.7070346011207
544	602.3791469808923
545	604.3853207453901
546	585.9465366343267
547	570.5149445293762
548	1031.5144462165501
549	638.778582265767
550	599.0186401533346
551	568.5509022428444
552	584.1206440932549
553	645.1609583979262
554	733.2713393291968
555	627.9074653441069
556	951.0575630245947
557	568.5822026294525
558	606.5597312800236
559	578.8513904374638
560	595.6848232478626
561	671.7291169805087
562	568.7216967404014
563	591.047125347191
564	783.9045773463748
565	593.377911289487
566	628.1067655508988
567	578.8610260149284
568	575.1997645795813
569	851.7667096998115
570	577.512731292599
571	580.3614575790489
572	580.7646718326538
573	756.1465867108644
574	774.429057559628
575	940.5206845544146
576	728.0379756656558
577	606.3991463420832
578	568.6001260268207
579	590.2373072634556
580	584.744419272861
581	731.7967356788835
582	572.4376196553519
583	576.4106978463789
584	916.3378461707674
585	1184.5004000415772
586	762.2530444638785
587	1431.8582848965534
588	569.175840024926
589	842.0271693700183
590	597.1621831748834
591	663.5430766195143
592	752.5349427466149
593	750.7640463519706
594	609.2480033696933
595	1395.1547023186235
596	582.9466625071946
597	1044.1825682445901
598	570.7782690715882
599	671.3059176383977
600	843.3506164055318
601	568.4752241776874
602	889.478740152723
603	592.2332889826056
604	1240.7368432897501
605	568.4094525762482
606	856.0677396111006
607	624.7459329917851
608	571.1182040365657
609	569.175840024926
610	624.9604308489465
611	767.3907262742272
612	1355.490334353765
613	1134.0168314848202
614	569.4012228882333
615	575.2221429773957
616	628.4060926419577
617	926.3509754651291
618	1195.3678119683652
619	769.4195435244858
620	1031.19635936295
621	572.5774659106345
622	589.8069808930891
623	1357.3583652616194
624	1425.6958077211732
625	583.0046539358523
626	571.3522178832885
627	592.2332889826056
628	923.2861019324444
629	867.7492014375683
630	604.4784112240093
631	783.2462862204113
632	645.1609583979262
633	573.6938818305574
634	744.2332202110294
635	1209.3750564211116
636	1214.3063919671852
637	1021.1165254226706
638	569.1570849675328
639	568.7894058541968
640	702.0388356579041
641	611.0791340544947
642	575.9939043078532
643	1147.3464040693348
644	591.3034070027185
645	747.0641984230356
646	715.0061476727701
647	1039.7895077357034
648	1148.5972073052474
649	622.5495138441139
650	769.685382312939
651	886.5755276851321
652	666.0217421906065
653	1465.276261711763
654	660.3973582833469
655	1126.6273272002663
656	1084.7871439542823
657	1503.486267726757
658	600.9297364460786
659	867.5635110341331
660	592.0060545158196
661	577.2074146623955
662	997.9859358906552
663	1315.8527625799923
664	1126.6273272002663
665	568.4078342107977
666	1241.6543096487226
667	620.4520078561711
668	685.4959224999076
669	1355.1355227187698
670	568.5902869642738
671	593.4960249946437
672	569.7101733789955
673	568.4138748238948
674	696.4803152166076
675	1072.1640178920943
676	653.8294588617624
677	1326.216190306987
678	646.756049017391
679	572.6978779850418
680	575.7668158577885
681	599.909187700313
682	666.0217421906065
683	574.2097193346756
684	916.6045628418796
685	1318.0386708126719
686	572.3462566226158
687	568.9081683732933
688	763.0362479283791
689	611.7436214222529
690	619.3094847734761
691	568.9681483243014
692	867.7492014375683
693	755.3968287417567
694	623.5206529935734
695	581.0279254316429
696	640.1625979099641
697	1088.4721590889897
698	580.8252564135407
699	1181.6870899364217
700	673.1214612128334
701	669.5456677642168
702	589.4319621620084
703	580.5540948080348
704	681.2276394727904
705	669.5456677642168
706	642.8116623479268
707	660.6407000198801
708	656.5725968041271
709	577.1762611274648
710	1044.5385337194562
711	686.8543050335495
712	701.4736753103334
713	973.2845867306498
714	762.3801535836666
715	836.4636737660999
716	654.3852789834399
717	568.908785749743
718	766.8994589124483
719	684.1615517143995
720	653.4827025972762
721	850.8378353628904
722	735.1628348002954
723	939.6377378351351
724	580.6164864998407
725	607.4966094043913
726	568.4349658078852
727	766.8994589124485
728	568.4060015617746
729	627.6478570484859
730	817.0582725257344
731	982.8016514952407
732	581.8746842052802
733	693.2646775643182
734	1019.9551108098342
735	594.767350894939
736	926.9057246135397
737	1207.366286447949
738	771.2386059157889
739	1019.9551108098342
740	573.3633573508806
741	735.3028773573104
742	1301.51418177703
743	648.1435731063757
744	1126.6273272002663
745	983.1802902570327
746	615.1479814228669
747	1120.9780079595225
748	912.6046692344256
749	573.0807371067262
750	573.8707466970419
751	659.5175843666898
752	766.8994589124483
753	1057.2112537722014
754	714.0259651571106
755	572.5710568837519
756	726.1179214204446
757	646.8378079408799
758	732.5318910534774
759	573.7404053418098
760	581.7717020247469
761	1219.5876219249299
762	1184.5004000415772
763	1084.8050438826644
764	1063.5308326995976
765	1129.17567850216
766	598.6837113708592
767	1283.2966891034364
768	602.6986962361473
769	976.7476235634508
770	621.4418840811834
771	577.4654297577493
772	956.8999492145432
773	645.1609583979262
774	711.2256894355883
775	636.0979889153012
776	571.1182040365657
777	1301.51418177703
778	799.1380310581255
779	571.1182040365657
780	797.98247766705
781	580.8252564135406
782	989.1865473659843
783	1056.4535470559852
784	1063.5308326995976
785	1231.362874398959
786	1598.203912738337
787	1055.997719441874
788	580.8802510827343
789	638.9627037960663
790	807.6534175177997
791	941.0039441796259
792	1242.766090534191
793	856.2660314884743
794	680.2801119685454
795	658.1177881608577
796	569.5905896278276
797	1086.7912623020597
798	1036.1862380129558
799	634.9096428945302
800	803.022135024614
801	682.5187279734054
802	627.2411403013925
803	610.5658559653622
804	1153.9270106566826
805	1294.7808307311589
806	698.9048561163992
807	594.4656126505662
808	704.8061221984965
809	1252.8293259194659
810	575.2771572224108
811	635.2156847922151
812	1139.4833268245297
813	810.207860935887
814	662.0954157569859
815	734.533013739325
816	895.8450706589115
817	575.2221429773957
818	683.2817573137709
819	599.4329297208697
820	1301.51418177703
821	637.9652307507952
822	606.5597312800236
823	606.5597312800234
824	1453.2181453633925
825	592.587269337859
826	601.4735357088218
827	569.4935776406898
828	696.0834266207454
829	1503.486267726757
830	1501.5377545581025
831	854.6685877544758
832	788.4980259632711
833	591.3034070027185
834	568.6156548119908
835	766.8994589124485
836	675.9052011355107
837	581.7717020247467
838	570.8560390546629
839	1269.4565495337017
840	918.5976852333113
841	622.5495138441138
842	645.220632288289
843	574.5211554747771
844	626.4757883069071
845	1143.5334151881066
846	705.2075983467474
847	894.7846444771723
848	979.62321171941
849	596.5900604582821
850	580.0595200359686
851	705.0615617045988
852	1015.2491480463751
853	1068.6474497143054
854	600.6157330894702
855	622.0343521574172
856	812.8764971188956
857	568.8838839006097
858	569.029042290638
859	882.6126583952961
860	701.4736753103334
861	592.0603240165349
862	570.6527333933802
863	716.6171705396747
864	587.2620982245841
865	568.4070250280722
866	603.8059959240072
867	568.4616583484185
868	916.6338047525978
869	691.3953695583788
870	640.1625979099642
871	1520.9396571015775
872	603.7557885728837
873	588.4821406742458
874	644.6184564858493
875	574.2712846537049
876	1184.5004000415772
877	581.6550720135943
878	581.8528870278931
879	837.0752720518335
880	572.3420458754715
881	1043.9287545963703
882	914.902446978905
883	952.3275917557833
884	745.2170343341106
885	932.2580727419274
886	630.6928988060596
887	625.4915499186868
888	1246.0586797720707
889	675.4415483276632
890	570.7230064176266
891	593.7254082570031
892	983.9745789540793
893	847.6684704214804
894	577.3797927511262
895	1077.3411823754739
896	842.0271693700183
897	914.3192779795894
898	574.1984623947845
899	581.500168965673
900	705.797007043965
901	701.4736753103334
902	1091.5829442033396
903	802.9753597676204
904	715.9666267280828
905	593.0106232504071
906	714.6766111438236
907	753.5000062571235
908	1355.490334353765
909	844.47525257151
910	569.9350812220758
911	712.844895537427
912	568.5627357909578
913	1065.3932449611052
914	593.5275441602882
915	687.7591721177924
916	568.5203181020674
917	867.6154724009832
918	1015.2491480463751
919	811.1752788493463
920	569.0065110471951
921	675.4415483276632
922	1202.01452572628
923	940.5206845544146
924	571.1182040365657
925	1326.216190306987
926	1326.216190306987
927	1156.8785756518357
928	628.4686950021522
929	1413.6623829990538
930	588.2572536176361
931	600.7496297932515
932	578.0435968090281
933	634.2033672329491
934	664.8954192417788
935	687.395550875247
936	654.0888254132309
937	570.6901985228416
938	940.5206845544146
939	1156.8785756518357
940	592.999847633778
941	571.0348055005518
942	618.1734032468247
943	661.8692241987724
944	570.7775618166745
945	1503.486267726757
946	619.1915828853887
947	659.5175843666898
948	569.6159140501612
949	834.9271189908036
950	1063.5308326995976
951	1209.3750564211118
952	1295.301052806863
953	652.0017623352549
954	568.5666093786356
955	717.8669727394513
956	771.0247494108579
957	802.825355360582
958	622.2567760403051
959	571.7425268896478
960	585.7766187513885
961	568.4138748238948
962	838.3348518762106
963	639.4034341583999
964	1005.6654530782985
965	1237.018690739751
966	1237.018690739751
967	850.4439316571282
968	609.2604512972881
969	616.9128623621107
970	1319.0699517189607
971	635.8392377539758
972	1175.687154371348
973	842.4095499311759
974	764.6808750796125
975	1202.0145257262802
976	842.0271693700183
977	696.6220003007744
978	576.6823386797405
979	779.5526752058056
980	1083.271534726912
981	685.4959224999076
982	909.449161242545
983	570.9626368601221
984	640.1625979099642
985	698.9048561163993
986	943.3900457170756
987	1448.0134959195548
988	872.241414351781
989	951.9634820066318
990	1520.9396571015775
991	842.0271693700183
992	627.6478570484859
993	625.3083743949596
994	620.4520078561711
995	666.1205336496724
996	787.3897018706031
997	625.3830490046113
998	1154.4958736051015
999	601.4735357088218
1000	592.2332889826056
1001	606.3332318551697
1002	573.9188133403322
1003	698.4991513781862
1004	961.6360312716624
1005	573.4425883275931
1006	823.5216615028711
1007	643.5057762928438
1008	1252.8293259194659
1009	612.8889809823056
1010	571.2029668452915
1011	751.7519011186574
1012	1237.018690739751
1013	568.4337984868797
1014	1287.2351958224165
1015	656.5304688416837
1016	568.4337984868797
1017	595.9066457071779
1018	1283.2966891034364
1019	1512.1678887476914
1020	869.057015095029
1021	1481.7875976068983
1022	1031.5144462165501
1023	909.0137220361407
1024	585.9720483674752
1025	591.3034070027185
1026	1209.3750564211116
1027	711.6394666597533
1028	743.8908647653751
1029	827.8537036403086
1030	614.8691575040184
1031	604.9041887492533
1032	579.1054220520278
1033	956.0053482615035
1034	609.5179886845258
1035	570.9626368601221
1036	660.5969282177126
1037	667.4199614541444
1038	1011.2734624887933
1039	570.1195149440134
1040	725.0352723959585
1041	624.7344135953647
1042	572.7843856123371
1043	1269.4565495337017
1044	911.5049364096208
1045	592.2332889826056
1046	783.7388007190376
1047	1209.3750564211116
1048	601.2899935863676
1049	599.6359501097314
1050	570.7138671175641
1051	645.1609583979262
1052	842.0271693700183
1053	1090.6448341871394
1054	766.8994589124485
1055	585.2115767512738
1056	592.2332889826056
1057	949.6499431808496
1058	625.3083743949596
1059	1092.020788757941
1060	923.6651001991473
1061	613.8819002606276
1062	891.7828834679718
1063	792.343735796339
1064	607.9969004836079
1065	568.4145084697979
1066	936.4314656151251
1067	1425.6958077211732
1068	904.5405074828376
1069	1061.5122037875187
1070	598.5961628554052
1071	661.7087258021536
1072	898.4684203635262
1073	1136.6026467642146
1074	687.7772438723471
1075	568.4138748238948
1076	858.7205389359524
1077	867.7492014375683
1078	1019.9551108098342
1079	585.0993296208737
1080	645.1609583979262
1081	633.403930414386
1082	1520.9396571015775
1083	734.533013739325
1084	638.133638897686
1085	568.6705623860963
1086	609.2604512972881
1087	723.6586321634336
1088	844.1379721762095
1089	1088.4721590889897
1090	576.124889703205
1091	1368.0716922810052
1092	697.7124159809371
1093	650.2324973046228
1094	940.5206845544146
1095	810.8042258085388
1096	902.7070346011207
1097	942.7639555283716
1098	608.7731730750851
1099	573.1070307407574
1100	610.5658559653621
1101	837.69783176652
1102	568.4406031142057
1103	1184.5004000415772
1104	569.4856581393881
1105	596.7748663648605
1106	1032.772511876357
1107	577.4571760939491
1108	769.685382312939
1109	575.993213505564
1110	569.9835047835201
1111	734.533013739325
1112	893.2837690735136
1113	690.1895314618818
1114	589.5038582395043
1115	577.253723890075
1116	578.0099441076563
1117	651.6156438266348
1118	601.502061836888
1119	766.8994589124483
1120	983.6903730020881
1121	1246.9657790646138
1122	1549.870952508324
1123	859.7932798154936
1124	651.1558032656014
1125	630.6928988060596
1126	643.6623891138954
1127	647.7846281524646
1128	1033.1804943392315
1129	987.0099746115455
1130	592.0060545158196
1131	1415.4966975257014
1132	626.4757883069069
1133	618.4025128461301
1134	650.9084186124142
1135	602.6986962361473
1136	575.5740460552882
1137	589.9666356417932
1138	657.1753140480256
1139	705.0276990450425
1140	860.5780132347406
1141	781.5005503519104
1142	1061.7304029315562
1143	648.236809948852
1144	593.8495913925829
1145	730.9615916743271
1146	1209.3750564211116
1147	799.8859688620668
1148	1019.9551108098342
1149	853.4486004901113
1150	607.6627885634408
1151	569.5052703310731
1152	896.8380502816659
1153	865.6821896687142
1154	589.5719552689684
1155	585.3030278856271
1156	902.7070346011207
1157	664.2798170000428
1158	574.9055067799576
1159	568.6001260268207
1160	585.236459120081
1161	568.4145084697979
1162	680.3904440401768
1163	1351.3737219110662
1164	630.1825952126883
1165	600.6157330894702
1166	771.4550208983857
1167	815.8869101017856
1168	870.1240648747528
1169	638.1336388976858
1170	658.1177881608577
1171	580.8252564135407
1172	708.4370689422888
1173	796.1817668232752
1174	568.865043429487
1175	630.8432072447888
1176	687.0203433418823
1177	737.6235729547574
1178	617.3136960510925
1179	627.8797508357594
1180	980.5345537639478
1181	796.1817668232752
1182	734.342315143623
1183	614.5812323084652
1184	572.1434457709738
1185	983.1802902570327
1186	588.9852260580095
1187	615.664136606133
1188	801.9128399126743
1189	983.1802902570327
1190	569.1526794171391
1191	607.8538774368857
1192	569.0780098334193
1193	730.5660708236915
1194	590.4122615596148
1195	1361.9940616879007
1196	1001.6095356478188
1197	594.9368162349488
1198	753.5000062571235
1199	585.2115767512738
1200	600.2194808042767
1201	633.5886805664813
1202	609.5487466190117
1203	810.207860935887
1204	803.6455055089309
1205	1443.2871066019293
1206	723.8369895225017
1207	726.3117834806028
1208	614.2357937014604
1209	939.6340890204381
1210	1156.878575651836
1211	595.9066457071777
1212	573.5384003668337
1213	569.0248300757332
1214	665.5200853407058
1215	705.0615617045986
1216	1425.6958077211732
1217	786.1213718222251
1218	985.7271063414474
1219	611.9422371935317
1220	622.0343521574172
1221	681.2276394727904
1222	571.81722375521
1223	572.3510371037303
1224	645.0926440633497
1225	582.6513317912173
1226	858.5226293246582
1227	684.4333532019238
1228	1413.6623829990538
1229	592.2332889826056
1230	849.4806171532799
1231	690.6274656413331
1232	840.5458537643061
1233	780.0750331859779
1234	1465.8272996175886
1235	577.3697996535545
1236	1378.9148142278389
1237	568.954576501085
1238	606.1537212214545
1239	704.8061221984965
1240	766.8994589124485
1241	651.1792920419383
1242	568.4568916627704
1243	848.9699599170912
1244	625.3083743949596
1245	726.5521633361086
1246	1194.8095028605624
1247	668.128220885565
1248	621.4523585020193
1249	681.2226375247575
1250	698.3001692107298
1251	1283.2966891034364
1252	574.2712846537048
1253	615.4913446260318
1254	1005.7734505937183
1255	746.1260866912284
1256	940.5206845544146
1257	569.9350812220758
1258	569.0065110471951
1259	1100.2124024432062
1260	574.9055067799576
1261	726.5171735366455
1262	944.1349223518847
1263	895.4880400476449
1264	867.5272326752753
1265	896.0477709316351
1266	574.076673211262
1267	603.7767154972377
1268	645.1609583979262
1269	680.2292443518623
1270	573.6938818305573
1271	849.0869092982153
1272	1010.8479628363526
1273	771.353411523855
1274	810.8236739702787
1275	1246.9657790646138
1276	766.8994589124485
1277	718.9889525398544
1278	689.8501916950455
1279	761.3537779477155
1280	1072.1640178920943
1281	800.1142890375648
1282	691.5124762805875
1283	747.0641984230356
1284	1224.9565657916241
1285	719.6702499294906
1286	1019.9551108098342
1287	1283.2966891034364
1288	579.1054220520278
1289	1033.099138483481
1290	627.452404955101
1291	568.4066578988726
1292	690.1895314618816
1293	568.4138748238948
1294	605.1622530437717
1295	830.8718787834147
1296	618.0716165204125
1297	1238.4991578520367
1298	609.7743212885966
1299	1019.9551108098342
1300	575.1997645795813
1301	628.4060926419577
1302	1237.018690739751
1303	649.7857644930771
1304	577.9770283525671
1305	661.8692241987724
1306	592.0932707764074
1307	609.393571972199
1308	625.0715910461415
1309	621.2976512253598
1310	570.093029194621
1311	624.6144132956688
1312	845.1153370861471
1313	1019.9551108098342
1314	1237.018690739751
1315	770.7760536553021
1316	675.4415483276632
1317	592.0060545158196
1318	1432.1733791513586
1319	568.9573337162975
1320	1062.7326746371277
1321	823.5216615028711
1322	578.8046979063189
1323	576.2080410297624
1324	671.3059176383977
1325	582.9120834320627
1326	734.533013739325
1327	600.0320486107919
1328	592.8488895409073
1329	1482.0890542672453
1330	1030.673200253649
1331	940.5206845544146
1332	571.1182040365657
1333	592.2332889826056
1334	619.5951457558838
1335	653.2434512411467
1336	579.9061312512279
1337	1119.8491358102756
1338	654.1441425312566
1339	1005.1801683088288
1340	574.076673211262
1341	581.0924352766965
1342	568.5477913540824
1343	580.8276691904447
1344	1612.36552750743
1345	596.7748663648605
1346	574.8313421861974
1347	693.9651825542784
1348	618.0716165204118
1349	1084.7871439542794
1350	604.4608435279247
1351	836.4147280057005
1352	940.5206845544146
1353	655.9208935127671
1354	644.4036474499295
1355	955.7193291408156
1356	625.3083743949596
1357	902.7070346011207
1358	1279.0139079915668
1359	742.9068700999843
1360	909.0137220361407
1361	575.2221429773957
1362	1131.3156806000388
1363	645.2727421573225
1364	688.8686845102766
1365	593.9578540473005
1366	842.0271693700183
1367	607.996900483608
1368	1266.5138099358921
1369	1156.8785756518357
1370	909.995198799563
1371	1380.87340632788
1372	582.6513317912172
1373	1372.6611818964918
1374	605.8509070637562
1375	1209.3750564211116
1376	651.5834867935525
1377	745.2170343341106
1378	573.8269051675858
1379	593.8495913925829
1380	942.8199464775205
1381	634.7856716055323
1382	637.9346044336261
1383	590.4122615596148
1384	607.4966094043913
1385	635.9286404572422
1386	860.5780132347406
1387	1148.5972073052476
1388	932.2580727419274
1389	1156.8785756518357
1390	738.4050201930462
1391	596.7748663648605
1392	883.033755874665
1393	727.7210262845311
1394	589.8946723247429
1395	940.5206845544146
1396	606.5597312800236
1397	627.7065197991082
1398	572.6658343491125
1399	990.3055061247171
1400	582.6343659267413
1401	699.978189050138
1402	764.643598728727
1403	987.692398863052
1404	902.7070346011207
1405	675.4415483276632
1406	622.2501701812138
1407	1413.6623829990535
1408	845.1153370861472
1409	672.47876633466
1410	615.3796304263673
1411	1161.5079244337671
1412	580.5724609656293
1413	604.6863342822659
1414	945.5139031210971
1415	806.5686840101387
1416	570.3565560017887
1417	940.5206845544146
1418	881.4768145975328
1419	828.7110289373767
1420	593.8495913925829
1421	730.6623582815793
1422	568.6398104455578
1423	820.3174664355056
1424	1297.0886239502706
1425	624.4995543032501
1426	570.5935701175337
1427	571.0526899372724
1428	901.885640398597
1429	574.8384135441255
1430	1237.018690739751
1431	629.3342672741587
1432	761.2062122643995
1433	575.5740460552882
1434	571.1182040365657
1435	570.5935701175337
1436	1015.3901961806796
1437	799.8859688620668
1438	791.1750595975689
1439	914.3192779795896
1440	914.9667230600652
1441	933.9092640387195
1442	949.829689636929
1443	766.8994589124483
1444	568.841490248957
1445	696.4803152166076
1446	573.6938818305573
1447	580.8252564135407
1448	802.9753597676204
1449	581.2941208817015
1450	638.1336388976858
1451	787.3085962872435
1452	578.0454807156804
1453	1366.592611260895
1454	671.1327120760159
1455	626.1921702921092
1456	890.1388519398155
1457	643.5057762928438
1458	589.4319621620084
1459	648.236809948852
1460	968.3207871682063
1461	1546.6568925475294
1462	697.8005854297922
1463	780.0089014173338
1464	938.8646572963222
1465	748.1552119993235
1466	902.7070346011207
1467	880.8875992050802
1468	634.3820917212174
1469	917.749231226815
1470	654.9633646286251
1471	626.8858167092292
1472	846.1827884602584
1473	579.3104086384795
1474	902.7070346011207
1475	1115.9767410747702
1476	573.6843391592554
1477	788.6216481049071
1478	703.8877807233871
1479	983.1802902570327
1480	614.7228802750266
1481	656.3389437936695
1482	745.2170343341106
1483	599.7437002820582
1484	596.2954256000327
1485	568.5807880581692
1486	922.5722225056194
1487	580.8252564135407
1488	941.0039441796259
1489	600.763404441404
1490	568.4337984868795
1491	571.1182040365657
1492	622.6198647896585
1493	1126.6273272002663
1494	750.7618817628633
1495	648.0593566649823
1496	1366.592611260895
1497	902.7070346011208
1498	596.4581927052587
1499	611.0791340544947
1500	676.7156875442387
1501	585.9720483674752
1502	575.3686308340633
1503	766.8994589124485
1504	568.4959137504625
1505	1242.3905850106125
1506	619.3355959012391
1507	723.6400001209561
1508	1014.5006870848649
1509	573.1214270099247
1510	603.6642585787271
1511	717.3680502902833
1512	838.6135703705293
1513	744.2332202110297
1514	569.4984491896686
1515	700.7088694235132
1516	577.4654297577493
1517	696.5663719853733
1518	575.2221429773957
1519	613.937633842918
1520	593.3660382207402
1521	1366.592611260895
1522	1355.490334353765
1523	572.9892260329106
1524	571.1685379000729
1525	648.2452674068188
1526	630.8243592812308
1527	707.468411286518
1528	672.1179145215456
1529	568.4078342107977
1530	628.4060926419577
1531	1443.2871066019293
1532	570.6728640306811
1533	665.2920711350525
1534	614.4686083587334
1535	583.0046539358523
1536	614.4686083587334
1537	568.5929287652984
1538	575.3686308340633
1539	607.2701761020282
1540	584.8788543009457
1541	690.1895314618818
1542	571.8579706008979
1543	800.8752204083725
1544	776.6432053321107
1545	849.4806171532799
1546	1300.295983426936
1547	643.0044965853479
1548	827.4229733734969
1549	772.0802443609591
1550	1113.7793491049677
1551	573.7404053418098
1552	617.5327103466551
1553	606.5597312800236
1554	1208.0781649506685
1555	983.2035320958327
1556	640.9139870069783
1557	691.3953695583788
1558	1351.393040399394
1559	955.7193291408156
1560	623.5206529935733
1561	797.9824776670499
1562	568.4138748238948
1563	745.2170343341106
1564	573.3017066181209
1565	855.5009719122072
1566	613.1910938483111
1567	1025.9263171056273
1568	619.8891628296474
1569	732.5231833482595
1570	694.5869945241888
1571	672.5419215478951
1572	1326.216190306987
1573	983.2035320958327
1574	696.4803152166076
1575	841.6531259194277
1576	568.4127942012085
1577	1114.3221890587251
1578	1015.3901961806795
1579	995.8073432692044
1580	606.5597312800236
1581	1425.6958077211732
1582	603.100583390665
1583	806.9726430999641
1584	733.7125785590982
1585	1366.592611260895
1586	697.5336060789386
1587	1552.0006220619277
1588	692.7649532858387
1589	597.7402633139418
1590	611.0791340544947
1591	575.513125394556
1592	791.441923564964
1593	574.6177002739265
1594	867.7492014375683
1595	869.6498178642345
1596	614.4686083587334
1597	595.4602360809023
1598	568.4060000632854
1599	577.3697996535545
1600	764.6808750796125
1601	683.0356413838339
1602	727.666845507116
1603	802.2976572471674
1604	669.1973670479399
1605	1200.8718443344872
1606	811.5963505669164
1607	709.3671480623756
1608	973.2845867306498
1609	874.8688366552557
1610	669.1973670479399
1611	758.6998219432805
1612	1194.7152944498698
1613	697.205247581576
1614	668.5018010695786
1615	571.9107035312388
1616	855.5009719122072
1617	1092.020788757941
1618	579.9230926202448
1619	615.1464854028409
1620	723.5966667485021
1621	665.5200853407058
1622	613.3929354882537
1623	572.4202803586428
1624	673.3715108892158
1625	1157.0379839615882
1626	589.9069451217536
1627	734.533013739325
1628	574.6361691203927
1629	592.5247659662652
1630	1482.0890542672453
1631	992.2007934774065
1632	802.4405499255639
1633	583.1687949608803
1634	638.1336388976858
1635	581.7717020247469
1636	609.2604512972881
1637	580.8252564135407
1638	574.8384135441256
1639	1391.563498556662
1640	841.6531259194277
1641	669.8755730598682
1642	1200.2389270809103
1643	680.3951283020466
1644	580.8252564135407
1645	1049.6583137416364
1646	569.70664444322
1647	1096.1720844422755
1648	1047.0001125248618
1649	906.774104604697
1650	922.5722225056194
1651	569.0522343973668
1652	575.0413281004232
1653	1237.018690739751
1654	571.763293225045
1655	711.6394666597533
1656	870.1240648747528
1657	685.7747159185554
1658	720.7273813658974
1659	627.9074653441069
1660	1247.2187511000332
1661	788.8954155997395
1662	898.4234013327525
1663	569.029042290638
1664	587.063914582601
1665	680.2292443518623
1666	568.4349658078852
1667	1571.013915135914
1668	644.5656952816192
1669	572.0319041186466
1670	577.0346076974288
1671	1079.1144179075857
1672	571.4948144315556
1673	960.6710628897328
1674	588.4821406742458
1675	902.7070346011207
1676	1065.6313469780691
1677	592.587269337859
1678	867.7492014375683
1679	627.1715616068825
1680	620.5744231856812
1681	786.1213718222251
1682	568.4145084697979
1683	1031.5144462165501
1684	1114.7192433118182
1685	731.9693652045873
1686	1279.0139079915668
1687	1284.440954506146
1688	581.9777843815662
1689	570.9421645678941
1690	1342.4863331736924
1691	660.3973582833469
1692	658.0666762838547
1693	640.8166852747729
1694	700.1297433408567
1695	571.1685379000729
1696	618.5094428158528
1697	784.3861804272626
1698	597.6876964065203
1699	638.4844498325677
1700	576.0602644746853
1701	799.8859688620668
1702	1115.9767410747702
1703	579.1054220520278
1704	802.4977307614275
1705	1051.3681438132633
1706	601.502061836888
1707	1139.6597121753232
1708	1209.3750564211118
1709	858.1787175234044
1710	1677.9373085326763
1711	702.9136702141608
1712	766.8994589124485
1713	749.5390740739728
1714	1309.759041238542
1715	848.9699599170912
1716	573.3754576295989
1717	606.5597312800236
1718	606.4628509398948
1719	569.4765038851835
1720	1537.3271469448027
1721	891.5499919762037
1722	1063.5308326995973
1723	964.3178935509707
1724	1019.9551108098342
1725	1209.021726588049
1726	759.370230605875
1727	689.241028442904
1728	674.7737449063014
1729	580.8252564135406
1730	1019.9551108098342
1731	592.204450984393
1732	575.7668158577885
1733	575.2221429773957
1734	952.00725283788
1735	665.7489896473564
1736	1023.1435646855725
1737	568.6002578629099
1738	1086.16719310464
1739	1123.8825130992157
1740	1471.803141407659
1741	575.3625215044859
1742	701.4736753103334
1743	1063.5308326995976
1744	592.587269337859
1745	578.5492505987007
1746	1006.953754486785
1747	1503.486267726757
1748	733.8308577156255
1749	1448.1742580498008
1750	572.2950683228004
1751	599.472742449468
1752	1458.355526361416
1753	994.5514107610353
1754	618.5094428158528
1755	603.0360849735185
1756	592.0897688133866
1757	572.3483919659191
1758	573.6938818305574
1759	658.1177881608577
1760	626.2603304503516
1761	599.6840550842537
1762	897.2791165603685
1763	568.5674275215546
1764	773.8381659219128
1765	1178.913001765481
1766	1092.020788757941
1767	582.4637885173887
1768	569.1870741784305
1769	632.5720923206089
1770	638.1336388976858
1771	613.2767773080153
1772	568.7920042298367
1773	1120.5365904810624
1774	597.2076547485926
1775	589.1796471926631
1776	915.6004469439816
1777	570.457515033167
1778	1051.196896772771
1779	769.4823900494963
1780	1156.8785756518357
1781	568.8843005105932
1782	575.1100744759838
1783	1134.91983740167
1784	768.192561920224
1785	579.1054220520278
1786	765.8890178554112
1787	846.5114025115672
1788	809.3244817429307
1789	867.7492014375683
1790	679.2676715333829
1791	737.7193779670414
1792	766.0386986777766
1793	586.2427964119526
1794	687.395550875247
1795	577.4654297577495
1796	819.7906922817805
1797	584.6546642329163
1798	614.0575622152598
1799	579.923092620245
1800	1051.3681438132633
1801	596.5038845564872
1802	623.369948704906
1803	710.8579218808193
1804	571.4948144315556
1805	647.1746756927628
1806	687.5829920596507
1807	570.2989766569274
1808	613.2755751489881
1809	773.8381659219128
1810	753.060126311213
1811	1113.3920982283523
1812	1512.1678887476914
1813	620.4520078561711
1814	587.8019534707859
1815	1046.6938623124167
1816	1043.1427954151472
1817	931.2966253587385
1818	1123.9512434916378
1819	872.3615228300397
1820	871.6249070241823
1821	569.029042290638
1822	645.8900381766564
1823	626.9457996264805
1824	653.8294588617625
1825	582.4851794125835
1826	579.1054220520278
1827	1189.7509644843276
1828	607.6627885634408
1829	976.4647242917155
1830	1425.6958077211732
1831	575.2959122798031
1832	699.7525383179313
1833	708.0347717624377
1834	580.938823924163
1835	1149.8517507163963
1836	783.7388007190375
1837	592.0540213821945
1838	666.0217421906065
1839	1012.2480392591701
1840	762.015296813663
1841	620.7960628296395
1842	867.7492014375684
1843	886.9689400508294
1844	946.6817755699248
1845	799.8859688620668
1846	572.8457324614178
1847	678.0342328135167
1848	819.7462801380497
1849	1395.1547023186235
1850	734.533013739325
1851	747.7331970098065
1852	1075.68511551032
1853	569.1424028272536
1854	737.7119087356191
1855	1395.1547023186235
1856	1326.216190306987
1857	890.9865352796438
1858	712.1966412742314
1859	757.7683492307201
1860	569.1994022578269
1861	802.626593110455
1862	577.1404769600751
1863	904.0251120322447
1864	675.4415483276632
1865	1031.5144462165501
1866	669.4651752881739
1867	894.7846444771723
1868	659.4078127360362
1869	734.533013739325
1870	1538.8351050750014
1871	904.334941659278
1872	700.129488237959
1873	1338.471304852303
1874	630.8432072447887
1875	568.4992239072056
1876	614.4686083587334
1877	1184.1208562605623
1878	571.8590761748676
1879	926.1775586161463
1880	1419.71092921626
1881	668.2731080495254
1882	644.960790228768
1883	1337.3164632423182
1884	809.0799961733583
1885	660.8510970072351
1886	606.5597312800236
1887	1301.51418177703
1888	570.6728640306811
1889	691.9862722536811
1890	580.8875517091026
1891	1019.9551108098342
1892	638.1336388976858
1893	698.9589023902168
1894	579.6111092234765
1895	583.5761285539514
1896	601.4762893670811
1897	1209.3750564211116
1898	661.6462838685057
1899	631.216047176457
1900	571.4948144315556
1901	675.4415483276632
1902	935.8136466672161
1903	1459.4231548038526
1904	1067.337667432879
1905	593.6455074568102
1906	842.0271693700183
1907	572.5924357910548
1908	616.9128623621107
1909	632.7270358276676
1910	606.5597312800236
1911	592.0164163993257
1912	1097.485856754348
1913	699.1708198535806
1914	816.7773474556758
1915	745.5541443529908
1916	716.5304051726932
1917	578.8412576715558
1918	902.7070346011207
1919	734.1470413701337
1920	664.9017533443374
1921	627.7010038701965
1922	589.3979240405104
1923	577.2200753750735
1924	750.3470924753855
1925	606.6089168470812
1926	747.4901664706508
1927	594.8429785715334
1928	1156.878575651836
1929	589.5611257068275
1930	623.369948704906
1931	748.230473485223
1932	591.6605265045567
1933	1019.9551108098342
1934	638.1336388976858
1935	589.1491440008865
1936	571.1548327422812
1937	778.7396338775476
1938	1111.2342911135374
1939	1123.9496977427289
1940	575.0406900542491
1941	997.0357530752983
1942	575.8513559722738
1943	966.5703765828988
1944	654.0888254132309
1945	842.0271693700183
1946	1286.0633284084986
1947	698.300772740608
1948	652.4714999119883
1949	611.8037560594769
1950	592.2332889826056
1951	820.0582642297336
1952	579.2908332022567
1953	1114.8289175408438
1954	671.4881860473066
1955	619.0994703880043
1956	860.7203980782186
1957	1287.239962508063
1958	593.4188229686886
1959	1126.6273272002663
1960	580.6657657278198
1961	1189.1735885728026
1962	842.0271693700183
1963	630.8674724866432
1964	619.5951457558838
1965	905.4965328971691
1966	662.7409162897599
1967	599.6383386972589
1968	622.6839400736228
1969	661.8229909060844
1970	731.7102475319123
1971	607.5104329426193
1972	576.9258730194548
1973	788.6281605273603
1974	781.1829167236043
1975	1116.3160282489157
1976	1283.2966891034364
1977	793.7556832294317
1978	580.7655274684622
1979	1052.0926755362243
1980	568.4138748238948
1981	572.2401371127211
1982	609.055208092923
1983	1032.9700319062918
1984	1198.9046611894607
1985	867.7492014375683
1986	573.2313050331204
1987	666.0217421906065
1988	712.844895537427
1989	635.186793971943
1990	925.5830075577647
1991	619.3355959012391
1992	1019.9551108098342
1993	878.5463443724617
1994	758.4598633015084
1995	1242.8728674425276
1996	587.2781215410344
1997	568.5822026294525
1998	902.7070346011208
1999	970.8772216693615
2000	766.8994589124485
2001	594.5889491412555
2002	568.9533911982397
2003	737.9733444608808
2004	772.6556092424307
2005	1004.9677652430114
2006	981.1182442365714
2007	1130.812692617902
2008	568.889552675149
2009	792.6283298563384
2010	745.8399484155434
2011	1529.8414709817123
2012	585.0993296208737
2013	686.0715286447272
2014	858.7205389359524
2015	663.0689734637001
2016	675.4415483276632
2017	842.0271693700183
2018	578.0454807156804
2019	572.901889742564
2020	592.2332889826056
2021	724.9308713410245
2022	637.7577980081187
2023	1002.4430611940979
2024	606.8833777683429
2025	1077.8048171044013
2026	588.7636731339246
2027	600.7496297932516
2028	1395.1547023186235
2029	598.5561982196897
2030	840.9220960639606
2031	775.9013205739832
2032	794.39764928199
2033	1184.500400041577
2034	1209.021726588049
2035	1301.51418177703
2036	1115.9767410747702
2037	569.7635434751994
2038	597.375636586936
2039	579.2451810183757
2040	693.0339271152468
2041	579.9515713567199
2042	962.874875039459
2043	872.8696293546292
2044	799.8859688620668
2045	644.0450731100127
2046	1301.51418177703
2047	576.2080410297624
2048	573.7404053418098
2049	897.2791165603685
2050	842.0271693700183
2051	591.047125347191
2052	940.5206845544146
2053	661.646283868506
2054	1121.8445902114477
2055	673.1444677028328
2056	870.230141237627
2057	684.1615517143995
2058	601.887951149229
2059	699.2549175543493
2060	572.4381036665015
2061	842.0271693700183
2062	570.1352010702711
2063	630.5241437486682
2064	944.4788849496592
2065	738.1864599389022
2066	811.570598272349
2067	568.6923443862763
2068	1101.1719837660658
2069	940.5206845544146
2070	587.2498840608899
2071	717.3680502902833
2072	940.5206845544146
2073	568.865043429487
2074	641.6151947871188
2075	594.4656126505663
2076	1230.340984507748
2077	1326.216190306987
2078	623.3731764448875
2079	579.1054220520278
2080	569.0192287023624
2081	644.6930631331359
2082	570.6728640306811
2083	568.4138748238948
2084	889.5420946646659
2085	589.0318125056966
2086	825.6794857959517
2087	1022.5847191195921
2088	570.3565560017887
2089	696.3640526954346
2090	793.7556832294317
2091	842.4095499311759
2092	1050.2346541378367
2093	742.8308009298469
2094	775.5384236615938
2095	628.4060926419577
2096	572.3420458754715
2097	1013.3134481033219
2098	574.6920114102805
2099	597.0153414245049
2100	581.482076046985
2101	731.9693652045873
2102	598.2723998560353
2103	858.7205389359524
2104	645.1609583979262
2105	765.3189081661953
2106	961.6360312716624
2107	568.5929287652984
2108	1355.1355227187698
2109	1382.6900562334063
2110	622.3137659494878
2111	1120.862899409046
2112	897.1642914610203
2113	645.1609583979262
2114	680.1253362989945
2115	744.2332202110297
2116	1209.3750564211118
2117	1382.6900562334063
2118	754.7946844075362
2119	867.7492014375683
2120	839.9665178935352
2121	1176.9531297362244
2122	740.5204800785634
2123	796.5168409601234
2124	750.7345988186363
2125	799.8859688620668
2126	771.9704193459564
2127	699.2549175543493
2128	742.1906601966434
2129	769.1184556232629
2130	1225.4902532463195
2131	568.4099395843695
2132	924.9144323187543
2133	1378.189769355728
2134	1101.1719837660658
2135	692.7649532858388
2136	568.5822026294525
2137	579.1054220520278
2138	631.216047176457
2139	914.902446978905
2140	577.3697996535545
2141	572.7494876686584
2142	570.9626368601221
2143	798.3497321782648
2144	809.8948506703165
2145	1378.3981091000167
2146	602.8706631101463
2147	1326.216190306987
2148	635.7810215523383
2149	614.4686083587334
2150	1221.2993221077406
2151	568.9717746617
2152	596.4164074084065
2153	568.5299024526307
2154	600.763404441404
2155	581.0049174771392
2156	575.7668158577885
2157	766.8994589124483
2158	669.915326635311
2159	787.3897018706031
2160	619.5951457558838
2161	860.8829763741387
2162	821.5573186847352
2163	636.9888034423782
2164	574.3943970008353
2165	573.321803130043
2166	569.7874278519769
2167	641.8207791399686
2168	578.4574308366613
2169	692.052545810362
2170	601.5245142205279
2171	1092.0207887579409
2172	685.4959224999076
2173	1104.7697150574659
2174	591.0656016860892
2175	847.9439611758179
2176	940.5206845544146
2177	803.0574859087264
2178	609.5179886845258
2179	940.5206845544144
2180	583.4139548493939
2181	601.4735357088218
2182	678.9329830687337
2183	1237.018690739751
2184	687.4626036519435
2185	766.8994589124483
2186	1465.276261711763
2187	576.2080410297624
2188	1063.5308326995976
2189	583.0046539358523
2190	592.7860690501496
2191	707.4496878363657
2192	1237.018690739751
2193	684.4333532019238
2194	954.2805797776708
2195	816.4619774793512
2196	606.6089168470812
2197	696.6007937194207
2198	623.4865669205079
2199	802.9753597676204
2200	571.4948144315556
2201	1458.355526361416
2202	626.3447636418173
2203	979.6110694830704
2204	569.4115220168703
2205	1327.652001098659
2206	862.0274408128795
2207	777.1982306947643
2208	720.7366718433558
2209	983.1802902570327
2210	749.2379689148395
2211	606.5597312800236
2212	653.4260927731978
2213	591.843806391871
2214	940.5206845544146
2215	869.55986850091
2216	1301.51418177703
2217	571.1182040365657
2218	1270.1078846852001
2219	579.1243130949774
2220	571.1182040365657
2221	762.2726274097585
2222	592.0060545158196
2223	592.2332889826056
2224	799.1380310581255
2225	1495.9745154296188
2226	938.8646572963221
2227	589.5611257068275
2228	614.3621206112791
2229	1175.2379350828298
2230	576.3068748981578
2231	1443.2871066019293
2232	627.9074653441069
2233	789.5315456084282
2234	610.2243808552233
2235	645.1609583979262
2236	1148.4584384146451
2237	1053.8823554343628
2238	576.1248897032049
2239	786.1213718222251
2240	673.6186982300027
2241	584.2564581136337
2242	568.8296896675423
2243	611.2358247968443
2244	569.0034766426983
2245	816.4619774793512
2246	1209.3750564211116
2247	905.1511272568661
2248	766.8994589124482
2249	882.1897827874824
2250	1278.838427726647
2251	1007.7658397806441
2252	943.9844608577816
2253	573.6754204765235
2254	645.1609583979262
2255	769.685382312939
2256	626.2603304503516
2257	632.5169088062091
2258	1047.9190204278793
2259	983.1802902570327
2260	649.9391565787564
2261	664.2674824696054
2262	1282.0464387084091
2263	1272.852170346594
2264	898.4061013057751
2265	568.8892005615406
2266	739.7531905409953
2267	740.5204800785634
2268	867.7124229808969
2269	568.6804044148925
2270	671.7158031540279
2271	1111.0819771727288
2272	824.3749333938773
2273	668.2683518532873
2274	664.3092922300609
2275	1658.7090585410774
2276	875.2405140489051
2277	1448.312322244744
2278	1395.1547023186235
2279	1426.5043368100253
2280	680.8377392649732
2281	678.9329830687337
2282	1182.3580852311784
2283	1171.6134468159737
2284	597.1621831748834
2285	576.3474928740019
2286	748.230473485223
2287	569.5905896278276
2288	769.4195435244858
2289	583.2636926142519
2290	1200.8718443344872
2291	1047.2155918655653
2292	1209.0217265880488
2293	786.4230066710279
2294	1463.683987362968
2295	998.2434718722322
2296	569.9502758754736
2297	697.5122796186618
2298	652.8482733707956
2299	606.1537212214545
2300	666.0217421906065
2301	675.6966942274889
2302	571.1182040365657
2303	908.8955918476316
2304	1019.9551108098342
2305	570.5935701175337
2306	916.6338047525978
2307	902.7070346011208
2308	591.047125347191
2309	645.1609583979262
2310	1130.812692617902
2311	651.2049880889305
2312	648.0593566649823
2313	577.1196078472791
2314	628.4060926419577
2315	927.8508680186998
2316	571.6452886003206
2317	661.0393888441682
2318	606.5597312800236
2319	1301.51418177703
2320	577.8315957395076
2321	589.3979240405104
2322	1202.0145257262802
2323	584.2176518080032
2324	900.5961253088354
2325	615.4913446260318
2326	1012.8301158618029
2327	673.0408203866227
2328	1044.1825682445904
2329	1087.9088240573749
2330	709.3671480623756
2331	654.0518447520147
2332	634.2301376947821
2333	651.1792920419383
2334	568.5180973450335
2335	936.1929829825829
2336	652.5945810999874
2337	591.05771983929
2338	678.0564179065725
2339	591.047125347191
2340	691.8117225488838
2341	1043.5736672346084
2342	645.2662272257144
2343	634.3820917212174
2344	883.4900462335803
2345	573.0807371067262
2346	1023.1060051207353
2347	599.3009100607272
2348	675.4415483276633
2349	568.5299024526307
2350	766.8994589124485
2351	1529.841470981712
2352	578.0454807156804
2353	1501.5377545581023
2354	1151.7076322288951
2355	568.9397519738579
2356	661.2773954458122
2357	742.9068700999843
2358	574.1465503259756
2359	1073.185978638561
2360	955.7193291408156
2361	570.7138671175641
2362	730.5660708236915
2363	1204.3861369601238
2364	1295.301052806863
2365	1649.1711198591424
2366	983.1802902570327
2367	603.6642585787271
2368	701.4736753103334
2369	880.8875992050802
2370	569.242924300566
2371	730.6623582815793
2372	1017.9082168868478
2373	668.128220885565
2374	572.592435791055
2375	1019.9551108098342
2376	623.5206529935734
2377	568.4138748238948
2378	752.2895386047982
2379	983.1802902570327
2380	568.4992239072056
2381	1066.5502067681523
2382	1502.4991205784177
2383	917.8857223707606
2384	614.6780555170242
2385	643.6623891138954
2386	898.9544209302586
2387	1019.9551108098342
2388	570.9205773402383
2389	1443.2871066019293
2390	795.6728133662648
2391	615.4913446260318
2392	570.5952409607381
2393	1541.9431163788977
2394	810.207860935887
2395	1540.3836783471643
2396	899.3127315365433
2397	656.5725968041271
2398	1338.3942706568341
2399	696.4803152166076
2400	582.6061793951377
2401	582.740494736643
2402	587.7101923420612
2403	618.5094428158528
2404	830.8718787834147
2405	1231.8165621952498
2406	717.4858431803078
2407	1116.7917925371003
2408	750.8953969125607
2409	568.8826026946299
2410	649.4344802901205
2411	982.0451240481667
2412	1123.3588235256802
2413	578.8610260149284
2414	651.7620699362645
2415	1031.5144462165501
2416	589.8069808930891
2417	1443.2871066019293
2418	1007.6366536657001
2419	902.7070346011208
2420	902.7070346011207
2421	697.2941749044245
2422	570.4186937733988
2423	730.5660708236915
2424	675.4415483276632
2425	882.5142126133528
2426	641.2471405149802
2427	736.7883008549243
2428	580.8252564135407
2429	1019.9551108098342
2430	1049.6583137416364
2431	604.6863342822659
2432	580.8252564135406
2433	914.9024469789052
2434	568.7310247883157
2435	1154.2158364897655
2436	615.664136606133
2437	916.8233014159198
2438	606.6089168470812
2439	663.5202546696836
2440	629.8741539885776
2441	1029.4200258872042
2442	786.7187829986638
2443	940.5206845544146
2444	572.7880179436811
2445	1139.487625982381
2446	674.4880272077338
2447	829.3315889761199
2448	574.6361691203927
2449	867.7492014375683
2450	568.9681483243013
2451	902.7070346011207
2452	572.3462566226158
2453	571.1182040365655
2454	938.8646572963222
2455	601.8604248902052
2456	647.9384857446113
2457	583.0855030856735
2458	902.7070346011207
2459	1126.6273272002663
2460	696.4803152166076
2461	932.2580727419274
2462	742.1306510811953
2463	572.7819988323841
2464	1072.5120203291406
2465	738.1864599389022
2466	1286.0633284084986
2467	1147.305607773593
2468	882.0145839504877
2469	1184.5004000415772
2470	596.8369975518173
2471	604.1874206849977
2472	626.2089423213508
2473	590.639075669901
2474	1378.3981091000169
2475	734.533013739325
2476	761.7027649708211
2477	1301.51418177703
2478	707.6476678765237
2479	746.1329175167513
2480	569.6451255465485
2481	624.1075792290819
2482	718.860607168677
2483	1111.6280990895898
2484	712.9791705588142
2485	569.1239504641389
2486	907.5327692984048
2487	878.9748216104485
2488	665.7907284911228
2489	568.6295008275157
2490	572.9892260329106
2491	1092.020788757941
2492	568.4992239072056
2493	1417.5246982449773
2494	855.5009719122072
2495	1355.1355227187698
2496	882.0145839504877
2497	659.2185348949689
2498	572.5774659106345
2499	1011.5807047670052
2500	606.5597312800236
2501	635.7810215523383
2502	620.1711405321682
2503	701.4736753103334
2504	1266.5138099358921
2505	782.0322528940736
2506	578.6820392915205
2507	914.902446978905
2508	1092.0207887579409
2509	875.5129988392647
2510	568.7902599915159
2511	581.0049174771392
2512	658.9480865478001
2513	1242.8728674425276
2514	614.372305824214
2515	799.8859688620668
2516	1221.2993221077406
2517	734.533013739325
2518	742.9068700999843
2519	766.8994589124485
2520	638.1336388976858
2521	574.8789449168386
2522	1036.271044858042
2523	1458.355526361416
2524	766.8994589124483
2525	940.5206845544146
2526	568.9525445840793
2527	1140.6445968945798
2528	740.5204800785634
2529	614.4686083587334
2530	1271.227811559058
2531	983.1802902570327
2532	1326.216190306987
2533	1149.089764275523
2534	633.9320689944205
2535	575.1997645795813
2536	579.1054220520278
2537	666.0217421906065
2538	1242.7660905341913
2539	711.9546433313112
2540	578.7508180156086
2541	573.3633573508806
2542	940.5206845544146
2543	835.5597365470704
2544	1019.9551108098344
2545	675.4415483276632
2546	847.5329057932564
2547	1062.7326746371277
2548	799.8859688620668
2549	686.0436552968067
2550	817.0582725257344
2551	867.7492014375683
2552	568.4094525762482
2553	1047.4989107135289
2554	600.5101926247914
2555	992.1316097600493
2556	585.0993296208737
2557	606.1537212214545
2558	570.4887585080163
2559	660.6901830420259
2560	683.9652829528762
2561	630.5241437486682
2562	674.4880272077338
2563	601.0813992061435
2564	580.082806516622
2565	956.7447884269376
2566	675.0324138771988
2567	619.9669118031846
2568	693.2646775643182
2569	1365.0703166703677
2570	689.9062680579192
2571	657.5362734906724
2572	1229.928765869544
2573	1101.5572221752764
2574	608.7731730750851
2575	1164.777819727465
2576	826.4691230666871
2577	571.4948144315556
2578	1264.3260816961315
2579	1250.7773938336927
2580	590.3945901003282
2581	625.3083743949596
2582	568.9127372894445
2583	569.0446265505357
2584	1134.1068620539459
2585	766.8333228826762
2586	585.4803919404679
2587	623.2465863319088
2588	929.6606437002123
2589	568.4099395843695
2590	1237.018690739751
2591	569.0419187853772
2592	696.0834266207454
2593	725.3544575189844
2594	902.7070346011208
2595	571.381247781545
2596	1562.2559297012053
2597	928.2168399420133
2598	842.4095499311759
2599	578.8412576715557
2600	692.2782538452486
2601	601.4735357088218
2602	597.1221870709487
2603	603.7557885728838
2604	677.3155316946211
2605	1360.3507239590058
2606	1126.6273272002663
2607	972.8316032042256
2608	693.9651825542783
2609	1063.5308326995976
2610	1107.159652720428
2611	624.7344135953646
2612	1237.018690739751
2613	805.6538910395423
2614	1084.8050438826644
2615	577.4696105351645
2616	827.4229733734969
2617	686.0859096129221
2618	774.0074094859145
2619	1378.189769355728
2620	592.2332889826056
2621	611.3609922509243
2622	647.9384857446113
2623	712.1966412742314
2624	613.2767773080151
2625	823.5558261921548
2626	571.0348055005518
2627	735.6245702228626
2628	770.7760536553021
2629	574.6361691203925
2630	596.5900604582821
2631	1512.1678887476914
2632	568.4060000632854
2633	579.1054220520278
2634	1126.6273272002663
2635	568.4138748238948
2636	668.4588334668554
2637	985.7271063414474
2638	757.0597793862634
2639	662.5932474469784
2640	628.4060926419577
2641	702.8243228158738
2642	1425.6958077211734
2643	598.5561982196897
2644	576.6968443384226
2645	755.0689711026278
2646	598.2723998560353
2647	1029.3153386213412
2648	902.7070346011208
2649	1482.0890542672453
2650	568.4992239072055
2651	666.0217421906065
2652	645.1609583979262
2653	570.7736073107249
2654	584.236528242802
2655	669.1973670479399
2656	665.165726243394
2657	983.1802902570327
2658	1144.383806293092
2659	660.3973582833469
2660	1237.018690739751
2661	1366.592611260895
2662	615.1464854028409
2663	579.1054220520278
2664	1019.9551108098342
2665	673.5505558272727
2666	813.7485818133563
2667	592.3353582075525
2668	956.2007553605409
2669	679.5248822575788
2670	579.2451810183755
2671	616.5727813749157
2672	932.3241784751376
2673	1019.9551108098342
2674	571.4948144315556
2675	1264.0607861075005
2676	703.116232487108
2677	810.207860935887
2678	1413.6623829990538
2679	616.8463660543888
2680	569.1994022578269
2681	1214.525918745133
2682	1126.6273272002663
2683	783.3977787129934
2684	599.9023920639061
2685	932.3280700446489
2686	680.7910988787896
2687	622.2567760403053
2688	730.781579986132
2689	1097.7448974011854
2690	576.5867142604019
2691	573.6843391592554
2692	1161.6807327852723
2693	568.4126997965574
2694	753.0513009494836
2695	1431.6246832601144
2696	703.6246750992275
2697	602.1181885489102
2698	723.5162431155333
2699	651.2457873816447
2700	597.8931143738248
2701	1063.5308326995973
2702	700.129488237959
2703	573.3045207758223
2704	655.8523677238123
2705	1301.51418177703
2706	629.0815999681381
2707	1184.5004000415772
2708	571.4948144315556
2709	574.6920114102805
2710	570.6527333933802
2711	620.4159627307376
2712	660.5969282177126
2713	596.0533585877143
2714	1395.1547023186235
2715	766.8994589124485
2716	1047.0001125248618
2717	586.6771776868633
2718	920.4272948825239
2719	570.3704679507207
2720	623.3731764448875
2721	592.0060545158196
2722	593.8495913925829
2723	599.909187700313
2724	1143.2487851644312
2725	568.5509022428444
2726	628.4060926419577
2727	766.8446814105628
2728	568.8296896675423
2729	623.8100212316539
2730	651.8501814319677
2731	702.3024673898549
2732	586.3979045601844
2733	570.651031081958
2734	701.4736753103334
2735	607.0293902956922
2736	915.435429111996
2737	777.5257384119664
2738	616.9128623621107
2739	878.5463443724617
2740	641.6802645596946
2741	983.1802902570327
2742	674.4880272077338
2743	767.924090076787
2744	1063.5308326995976
2745	587.0010680575906
2746	575.9819310914042
2747	568.6398104455578
2748	1354.7178823090703
2749	1334.2918266253068
2750	576.6750035881817
2751	591.05771983929
2752	1044.364725765493
2753	615.7497026534198
2754	972.0543322876389
2755	669.1566846371746
2756	681.045281154692
2757	851.7667096998116
2758	907.9360629717956
2759	757.7098550851508
2760	685.4959224999076
2761	592.0060545158196
2762	575.8336918130748
2763	1022.5847191195921
2764	824.3432067421737
2765	570.6527333933802
2766	668.0784608697362
2767	1126.6273272002663
2768	695.1654298045532
2769	589.1718983264815
2770	1174.1753792642035
2771	892.7145719625945
2772	1075.956741161104
2773	571.0526899372724
2774	570.9591708607824
2775	1352.560101916831
2776	586.5473712913239
2777	768.137071465583
2778	974.9394508179213
2779	588.2541399549748
2780	1520.9396571015775
2781	1007.6283790230891
2782	1194.493973983537
2783	635.5018160498931
2784	577.253723890075
2785	1201.9357847546582
2786	582.9466625071946
2787	635.186793971943
2788	571.6761172727596
2789	911.2497467061754
2790	570.3731277950342
2791	606.5597312800236
2792	872.7445866477606
2793	787.1315135790485
2794	570.0053182519172
2795	584.7639623418258
2796	1458.355526361416
2797	1310.099392310818
2798	821.341981675115
2799	696.3588349653428
2800	592.0719118128591
2801	842.0271693700183
2802	703.9615528526978
2803	614.7228802750266
2804	579.1054220520278
2805	609.0552080929231
2806	1126.6273272002663
2807	707.3344512253416
2808	726.2227660273916
2809	615.3796304263673
2810	645.191492719255
2811	983.2035320958327
2812	627.7010038701964
2813	589.2672786848559
2814	820.1229793674423
2815	1057.655088998629
2816	608.8152910359433
2817	625.5378741312314
2818	1135.180660969868
2819	666.1205336496724
2820	760.0147213948358
2821	589.2171840878625
2822	961.7159006036385
2823	603.0360849735185
2824	927.385677860756
2825	1436.114613430639
2826	1175.8389609748053
2827	650.9084186124142
2828	1077.8660962124998
2829	619.0260655269143
2830	928.7928746469604
2831	1204.2569224056315
2832	569.0833669227571
2833	573.3754576295989
2834	828.0422836744734
2835	681.0452811546919
2836	734.533013739325
2837	867.7492014375683
2838	574.3943970008353
2839	1260.7430220863337
2840	753.0513009494833
2841	606.5597312800236
2842	574.2712846537049
2843	697.205247581576
2844	990.9889313652242
2845	666.0217421906065
2846	577.678848704612
2847	1019.9551108098342
2848	966.5703765828988
2849	762.015296813663
2850	620.8937072088148
2851	601.5245142205277
2852	705.0249762950183
2853	1126.6273272002663
2854	645.1609583979262
2855	1063.5308326995976
2856	853.599407126908
2857	568.4447359400505
2858	819.7462801380497
2859	700.0938920506597
2860	1054.2147347312712
2861	1070.5280727850052
2862	835.0136333069661
2863	1092.020788757941
2864	606.1537212214545
2865	883.0337558746648
2866	614.372305824214
2867	1184.5004000415772
2868	949.9550920203105
2869	842.0271693700183
2870	721.6141017782838
2871	689.4606646173938
2872	587.9214789425982
2873	601.1390000897992
2874	1077.3674088866974
2875	575.1997645795813
2876	1377.745719014006
2877	712.1966412742315
2878	924.9144323187543
2879	627.9074653441069
2880	752.2478364486293
2881	950.2831631287006
2882	604.9041887492533
2883	1326.216190306987
2884	575.1997645795813
2885	680.0638983443039
2886	571.81722375521
2887	661.8229909060844
2888	568.4143391715444
2889	1443.2871066019293
2890	731.0060442771995
2891	827.3885231682037
2892	570.9626368601221
2893	809.3244817429307
2894	715.7407433702742
2895	928.5971333456696
2896	588.9852260580095
2897	1237.018690739751
2898	941.8173645852264
2899	592.0164163993257
2900	569.3748795257862
2901	966.1509351789308
2902	669.9141500970609
2903	571.8831361836594
2904	665.7814438685937
2905	827.8537036403086
2906	666.0217421906065
2907	983.1802902570327
2908	1111.9124518932617
2909	900.7283442676871
2910	1001.6095356478189
2911	869.689855925792
2912	626.2089423213508
2913	944.319320149898
2914	658.7612502641322
2915	867.7492014375683
2916	1126.6273272002663
2917	917.854131722356
2918	675.1769069392044
2919	569.9914572515286
2920	799.8859688620668
2921	1002.6623363191391
2922	786.8159298803129
2923	609.9230007491323
2924	1042.2774419221757
2925	627.9074653441069
2926	590.4790191344631
2927	904.334941659278
2928	575.2221429773957
2929	575.1744659406039
2930	568.6804044148925
2931	691.1617555085685
2932	622.9808427019684
2933	1326.216190306987
2934	1280.4480165419343
2935	1542.34060318099
2936	571.6680101515539
2937	735.4315134348738
2938	1160.063507682629
2939	1209.3750564211116
2940	831.1673270762618
2941	584.8788543009458
2942	589.1796471926631
2943	842.0271693700183
2944	928.111893437983
2945	847.9439611758179
2946	576.410697846379
2947	739.7531905409953
2948	580.5724609656293
2949	701.4736753103334
2950	572.5710568837519
2951	644.5656952816192
2952	732.7149416723536
2953	617.741150790798
2954	569.9737406452988
2955	568.6548702351708
2956	636.4235605879127
2957	736.0965192789707
2958	648.6738635130654
2959	734.533013739325
2960	614.3261835345197
2961	870.1240648747528
2962	1010.8479628363526
2963	576.6944494478638
2964	635.44998789633
2965	901.3710601246717
2966	572.7117674566722
2967	608.0459335869652
2968	1283.2966891034364
2969	704.605970851358
2970	630.8356608666306
2971	658.1177881608576
2972	1143.6961688069484
2973	1326.216190306987
2974	612.5058329618062
2975	841.6531259194277
2976	570.538613124094
2977	799.8859688620668
2978	568.7894058541968
2979	635.7810215523383
2980	677.6132285278436
2981	570.6527333933801
2982	1158.9207649648265
2983	1135.1107611158955
2984	799.8859688620668
2985	645.1609583979262
2986	1434.0203496370698
2987	814.0605622131532
2988	853.6094255567914
2989	1210.3247709044595
2990	701.4736753103334
2991	605.9826420114599
2992	648.0593566649823
2993	627.4133973218026
2994	1463.683987362968
2995	1237.018690739751
2996	579.9061312512277
2997	612.5380365629607
2998	574.8313421861974
2999	664.2251552084529
3000	686.0436552968067
3001	592.2332889826056
3002	594.0700801988885
3003	1031.5144462165501
3004	580.8252564135407
3005	1147.3464040693348
3006	568.4182531876315
3007	747.4901664706507
3008	1482.0890542672453
3009	636.2538632319896
3010	571.1182040365657
3011	707.079599125961
3012	595.906645707178
3013	808.6955369771467
3014	575.0413281004232
3015	1110.481908519958
3016	718.7445060699475
3017	1192.4626481837854
3018	878.9748216104485
3019	915.9245256794156
3020	639.4034341584
3021	1320.0394814938884
3022	588.5989774765402
3023	1137.043936062024
3024	638.1336388976858
3025	1194.3787778316491
3026	571.4948144315556
3027	766.8994589124485
3028	769.0401222399802
3029	632.7270358276676
3030	733.9045442921819
3031	568.4099395843695
3032	1321.965343872888
3033	589.8069808930891
3034	734.533013739325
3035	657.5362734906724
3036	645.1609583979262
3037	636.4235605879126
3038	1378.189769355728
3039	896.8380502816659
3040	1482.0890542672453
3041	571.948866986151
3042	592.0719118128591
3043	574.1194681789444
3044	638.1336388976858
3045	632.5169088062091
3046	816.4619774793512
3047	985.7271063414474
3048	672.5419215478951
3049	641.9331131825865
3050	568.8406375793963
3051	962.2946085688013
3052	824.3234828589177
3053	571.9432656435047
3054	876.201628323491
3055	598.2723998560353
3056	675.5335420042071
3057	1019.9551108098342
3058	579.1054220520278
3059	584.8735048963828
3060	575.9939043078532
3061	951.2038797447111
3062	670.834183589787
3063	588.2541399549748
3064	1378.189769355728
3065	580.1573734965597
3066	872.7886960972171
3067	570.1414003090387
3068	581.797855110131
3069	1201.9357847546582
3070	570.7775618166745
3071	983.1802902570327
3072	579.2908332022567
3073	766.8333228826763
3074	736.9065711266038
3075	745.5541443529908
3076	1069.1944302639429
3077	665.7907284911228
3078	605.2303158003833
3079	1226.0346039730566
3080	568.5674275215546
3081	569.3672732081692
3082	806.9726430999641
3083	582.4851794125835
3084	1374.0766638273533
3085	614.9487001659306
3086	576.8488358270191
3087	644.147022640987
3088	626.2603304503516
3089	1156.8785756518357
3090	1303.7361593492485
3091	867.7492014375683
3092	893.718126660173
3093	938.8646572963221
3094	705.0615617045986
3095	869.6898559257918
3096	570.1271032490699
3097	731.1823121281923
3098	615.6187819143728
3099	1198.524835374724
3100	601.476289367081
3101	1266.5138099358921
3102	1454.6525704542805
3103	579.2451810183755
3104	619.7632939262317
3105	1408.0652442934734
3106	574.3356326622137
3107	723.8369895225017
3108	735.4315134348738
3109	690.8425643986167
3110	648.6010655390185
3111	577.9770283525671
3112	927.385677860756
3113	1166.1286035478604
3114	603.6642585787271
3115	569.4115220168703
3116	1092.020788757941
3117	1434.3151618767124
3118	1465.276261711763
3119	570.1962688917688
3120	628.7806861408513
3121	568.433873411206
3122	844.0164943687936
3123	575.8305524837965
3124	665.7907284911228
3125	573.2238797232841
3126	885.824349874724
3127	708.4420768842659
3128	997.9859358906552
3129	568.4986140539125
3130	659.2490815428549
3131	568.7920042298366
3132	1347.724793328937
3133	761.0427303811009
3134	578.9542543543079
3135	574.076673211262
3136	1019.9551108098344
3137	568.7242441675003
3138	571.0348055005518
3139	940.5206845544146
3140	568.5296012261127
3141	1156.8785756518357
3142	871.6249070241823
3143	572.4202803586428
3144	712.5636281175209
3145	612.5380365629608
3146	827.388523168204
3147	645.1609583979262
3148	696.9801823974108
3149	1096.2223796441222
3150	1395.1547023186235
3151	1028.185963789925
3152	573.384739564244
3153	814.3853778449829
3154	628.4060926419577
3155	573.5384003668337
3156	633.1778000557969
3157	909.0137220361407
3158	1264.0060673734245
3159	569.4012228882333
3160	660.3973582833469
3161	696.4803152166076
3162	817.2512341345125
3163	687.395550875247
3164	579.1054220520278
3165	1014.4184606335782
3166	766.8978933911168
3167	605.8713413645642
3168	571.381247781545
3169	606.5597312800236
3170	712.5386290057832
3171	610.6743377719486
3172	1092.0207887579409
3173	568.7433154055497
3174	1297.0886239502706
3175	628.680476352739
3176	940.5206845544146
3177	1184.5004000415772
3178	591.3731840279223
3179	1184.500400041577
3180	648.1168036552068
3181	601.5245142205279
3182	637.5714537158517
3183	575.3625215044859
3184	766.8994589124483
3185	1028.6801092030526
3186	570.7215154235315
3187	1126.6273272002663
3188	568.4608851293713
3189	584.7323534593353
3190	626.7751220108745
3191	1529.841470981712
3192	771.9322079394744
3193	674.2790063188306
3194	1314.0174385840828
3195	626.2603304503516
3196	608.0459335869652
3197	579.1054220520278
3198	571.1182040365657
3199	708.3345290076209
3200	570.3704679507207
3201	909.082413712506
3202	633.0644785105594
3203	902.7070346011207
3204	1047.9190204278793
3205	591.3731840279223
3206	624.4096875996296
3207	599.0186401533344
3208	1019.9551108098342
3209	1355.1355227187698
3210	583.0651358491186
3211	609.4687360564703
3212	1018.6845334000894
3213	1029.3153386213412
3214	596.5900604582821
3215	726.2227660273916
3216	606.1131407077747
3217	726.1179214204446
3218	639.8353848881625
3219	865.0882075906101
3220	848.1958377319936
3221	674.5855544786347
3222	585.2115767512738
3223	648.236809948852
3224	1482.0890542672453
3225	638.1336388976858
3226	968.2847111050327
3227	636.2538632319896
3228	571.4948144315556
3229	851.7667096998116
3230	751.4542844361628
3231	720.9012088001899
3232	1054.576682189508
3233	736.3839342651781
3234	1040.9529146946754
3235	983.5100046741015
3236	576.343545860486
3237	605.5819886713297
3238	573.8707466970419
3239	574.3943970008353
3240	1095.8033455906243
3241	601.4735357088218
3242	842.0271693700183
3243	691.5124762805875
3244	642.0885661750622
3245	1401.744058690931
3246	1055.997719441874
3247	799.8859688620668
3248	614.0876229806809
3249	1074.451818632852
3250	568.5929287652984
3251	709.2882888493414
3252	1007.7658397806441
3253	1045.4506100223932
3254	582.9120834320627
3255	571.4948144315556
3256	749.974714801494
3257	734.533013739325
3258	844.3879496989075
3259	734.533013739325
3260	779.5526752058056
3261	727.732714340437
3262	568.908785749743
3263	571.1182040365657
3264	570.0906960510963
3265	598.7643919440267
3266	1068.6474497143054
3267	1413.6623829990538
3268	609.9230007491323
3269	686.4662464726941
3270	600.5101926247914
3271	1048.0468263439043
3272	1006.8759319945913
3273	569.0328859085831
3274	632.3058334922796
3275	718.8606071686772
3276	568.7242441675003
3277	601.798854137213
3278	601.5637245575386
3279	645.3165254245357
3280	829.0636437963732
3281	1021.1165254226706
3282	983.1802902570327
3283	735.3028773573104
3284	1016.5204626115859
3285	576.2397352092445
3286	628.2779026713993
3287	592.0164163993257
3288	867.7492014375683
3289	600.6157330894702
3290	618.5069918223641
3291	1184.5004000415772
3292	613.9823681612537
3293	768.8825190635096
3294	1301.51418177703
3295	609.2480033696933
3296	1231.0273393103676
3297	615.1464854028409
3298	1369.3594841112574
3299	702.3024673898549
3300	1011.8069372721727
3301	660.3728130740097
3302	757.7683492307201
3303	665.5200853407058
3304	586.0005553828532
3305	569.9046694379762
3306	1156.8785756518357
3307	577.3828170060264
3308	624.1075792290819
3309	1142.0478111481868
3310	695.6899989896788
3311	578.0661819979883
3312	574.0791367231141
3313	1237.018690739751
3314	1184.5004000415772
3315	630.7378516539342
3316	601.798854137213
3317	597.375636586936
3318	578.0099441076563
3319	657.288683544832
3320	702.3024673898549
3321	569.6881590826782
3322	894.3027611793012
3323	617.0899840002654
3324	1126.6273272002663
3325	701.4736753103334
3326	667.1592560400568
3327	1184.5004000415772
3328	590.324447444411
3329	569.9034541346745
3330	633.407751555035
3331	592.2332889826056
3332	573.3149052874643
3333	675.4415483276648
